﻿Instruct1_Resp.keys,Instruct1_Resp.rt,participant,age,sex,date,expName,psychopyVersion,OS,frameRate,ChoiceResp.keys,ChoiceResp.rt,Chosen_Card,GoodDeck?,GainsLosses,TotalinBank,ChoiceBlock.thisRepN,ChoiceBlock.thisTrialN,ChoiceBlock.thisN,ChoiceBlock.thisIndex,ChoiceBlock.ran,A_Outcome,B_Outcome,C_Outcome,D_Outcome
space,12.5785,1,1,1,2023-05-30_16h49.20.213,IOWA_Gambling_4Choice_H,2022.2.4,Linux x86_64,60.0024001,,,,,,,,,,,,,,,
,,1,1,1,2023-05-30_16h49.20.213,IOWA_Gambling_4Choice_H,2022.2.4,Linux x86_64,60.0024001,,,,,,,,,,,,,,,
,,1,1,1,2023-05-30_16h49.20.213,IOWA_Gambling_4Choice_H,2022.2.4,Linux x86_64,60.0024001,,,,,,,,,,,,,,,
,,1,1,1,2023-05-30_16h49.20.213,IOWA_Gambling_4Choice_H,2022.2.4,Linux x86_64,60.0024001,,,,,,,,,,,,,,,
,,1,1,1,2023-05-30_16h49.20.213,IOWA_Gambling_4Choice_H,2022.2.4,Linux x86_64,60.0024001,1,7.7962,A_Card,0,100,2100,0,0,0,0,1,100,100,50,50
,,1,1,1,2023-05-30_16h49.20.213,IOWA_Gambling_4Choice_H,2022.2.4,Linux x86_64,60.0024001,2,3.0482,B_Card,0,100,2200,0,1,1,1,1,100,100,50,50
,,1,1,1,2023-05-30_16h49.20.213,IOWA_Gambling_4Choice_H,2022.2.4,Linux x86_64,60.0024001,4,1.3502,D_Card,1,50,2250,0,2,2,2,1,-150,100,-50,50
,,1,1,1,2023-05-30_16h49.20.213,IOWA_Gambling_4Choice_H,2022.2.4,Linux x86_64,60.0024001,2,0.4235,B_Card,0,100,2350,0,3,3,3,1,100,100,50,50
,,1,1,1,2023-05-30_16h49.20.213,IOWA_Gambling_4Choice_H,2022.2.4,Linux x86_64,60.0024001,3,4.0998,C_Card,1,-50,2300,0,4,4,4,1,-300,100,-50,50
,,1,1,1,2023-05-30_16h49.20.213,IOWA_Gambling_4Choice_H,2022.2.4,Linux x86_64,60.0024001,2,0.3364,B_Card,0,100,2400,0,5,5,5,1,100,100,50,50
,,1,1,1,2023-05-30_16h49.20.213,IOWA_Gambling_4Choice_H,2022.2.4,Linux x86_64,60.0024001,1,0.4902,A_Card,0,-200,2200,0,6,6,6,1,-200,100,-50,50
,,1,1,1,2023-05-30_16h49.20.213,IOWA_Gambling_4Choice_H,2022.2.4,Linux x86_64,60.0024001,4,0.4777,D_Card,1,50,2250,0,7,7,7,1,100,100,50,50
,,1,1,1,2023-05-30_16h49.20.213,IOWA_Gambling_4Choice_H,2022.2.4,Linux x86_64,60.0024001,2,0.3378,B_Card,0,-1250,1000,0,8,8,8,1,-250,-1250,-50,50
,,1,1,1,2023-05-30_16h49.20.213,IOWA_Gambling_4Choice_H,2022.2.4,Linux x86_64,60.0024001,3,0.3796,C_Card,1,-50,950,0,9,9,9,1,-350,100,-50,-250
,,1,1,1,2023-05-30_16h49.20.213,IOWA_Gambling_4Choice_H,2022.2.4,Linux x86_64,60.0024001,4,0.1335,D_Card,1,50,1000,0,10,10,10,1,100,100,50,50
,,1,1,1,2023-05-30_16h49.20.213,IOWA_Gambling_4Choice_H,2022.2.4,Linux x86_64,60.0024001,1,0.4779,A_Card,0,-350,650,0,11,11,11,1,-350,100,-25,50
,,1,1,1,2023-05-30_16h49.20.213,IOWA_Gambling_4Choice_H,2022.2.4,Linux x86_64,60.0024001,2,0.3685,B_Card,0,100,750,0,12,12,12,1,100,100,-75,50
,,1,1,1,2023-05-30_16h49.20.213,IOWA_Gambling_4Choice_H,2022.2.4,Linux x86_64,60.0024001,3,0.4838,C_Card,1,50,800,0,13,13,13,1,-250,-1250,50,50
,,1,1,1,2023-05-30_16h49.20.213,IOWA_Gambling_4Choice_H,2022.2.4,Linux x86_64,60.0024001,4,0.167,D_Card,1,50,850,0,14,14,14,1,-200,100,-25,50
,,1,1,1,2023-05-30_16h49.20.213,IOWA_Gambling_4Choice_H,2022.2.4,Linux x86_64,60.0024001,1,0.3589,A_Card,0,100,950,0,15,15,15,1,100,100,50,50
,,1,1,1,2023-05-30_16h49.20.213,IOWA_Gambling_4Choice_H,2022.2.4,Linux x86_64,60.0024001,2,0.5172,B_Card,0,100,1050,0,16,16,16,1,-300,100,-25,50
,,1,1,1,2023-05-30_16h49.20.213,IOWA_Gambling_4Choice_H,2022.2.4,Linux x86_64,60.0024001,3,0.4108,C_Card,1,-75,975,0,17,17,17,1,-150,100,-75,50
,,1,1,1,2023-05-30_16h49.20.213,IOWA_Gambling_4Choice_H,2022.2.4,Linux x86_64,60.0024001,4,0.3368,D_Card,1,50,1025,0,18,18,18,1,100,100,50,50
,,1,1,1,2023-05-30_16h49.20.213,IOWA_Gambling_4Choice_H,2022.2.4,Linux x86_64,60.0024001,1,0.6109,A_Card,0,100,1125,0,19,19,19,1,100,100,-50,-250
,,1,1,1,2023-05-30_16h49.20.213,IOWA_Gambling_4Choice_H,2022.2.4,Linux x86_64,60.0024001,2,0.2982,B_Card,0,100,1225,0,20,20,20,1,100,100,50,50
,,1,1,1,2023-05-30_16h49.20.213,IOWA_Gambling_4Choice_H,2022.2.4,Linux x86_64,60.0024001,3,0.3671,C_Card,1,50,1275,0,21,21,21,1,-300,100,50,50
,,1,1,1,2023-05-30_16h49.20.213,IOWA_Gambling_4Choice_H,2022.2.4,Linux x86_64,60.0024001,4,0.3242,D_Card,1,50,1325,0,22,22,22,1,100,100,50,50
,,1,1,1,2023-05-30_16h49.20.213,IOWA_Gambling_4Choice_H,2022.2.4,Linux x86_64,60.0024001,1,0.4959,A_Card,0,-350,975,0,23,23,23,1,-350,100,-50,50
,,1,1,1,2023-05-30_16h49.20.213,IOWA_Gambling_4Choice_H,2022.2.4,Linux x86_64,60.0024001,3,0.6672,C_Card,1,-25,950,0,24,24,24,1,100,100,-25,50
,,1,1,1,2023-05-30_16h49.20.213,IOWA_Gambling_4Choice_H,2022.2.4,Linux x86_64,60.0024001,2,0.4887,B_Card,0,100,1050,0,25,25,25,1,-200,100,-50,50
,,1,1,1,2023-05-30_16h49.20.213,IOWA_Gambling_4Choice_H,2022.2.4,Linux x86_64,60.0024001,4,0.0955,D_Card,1,50,1100,0,26,26,26,1,-250,100,50,50
,,1,1,1,2023-05-30_16h49.20.213,IOWA_Gambling_4Choice_H,2022.2.4,Linux x86_64,60.0024001,1,0.3181,A_Card,0,-150,950,0,27,27,27,1,-150,100,50,50
,,1,1,1,2023-05-30_16h49.20.213,IOWA_Gambling_4Choice_H,2022.2.4,Linux x86_64,60.0024001,3,0.367,C_Card,1,-75,875,0,28,28,28,1,100,100,-75,-250
,,1,1,1,2023-05-30_16h49.20.213,IOWA_Gambling_4Choice_H,2022.2.4,Linux x86_64,60.0024001,4,0.1855,D_Card,1,50,925,0,29,29,29,1,100,100,-50,50
,,1,1,1,2023-05-30_16h49.20.213,IOWA_Gambling_4Choice_H,2022.2.4,Linux x86_64,60.0024001,1,0.4014,A_Card,0,-350,575,0,30,30,30,1,-350,100,50,50
,,1,1,1,2023-05-30_16h49.20.213,IOWA_Gambling_4Choice_H,2022.2.4,Linux x86_64,60.0024001,2,0.0808,B_Card,0,-1250,-675,0,31,31,31,1,-200,-1250,50,50
,,1,1,1,2023-05-30_16h49.20.213,IOWA_Gambling_4Choice_H,2022.2.4,Linux x86_64,60.0024001,3,0.1809,C_Card,1,50,-625,0,32,32,32,1,-250,100,50,50
,,1,1,1,2023-05-30_16h49.20.213,IOWA_Gambling_4Choice_H,2022.2.4,Linux x86_64,60.0024001,4,0.2848,D_Card,1,50,-575,0,33,33,33,1,100,100,-25,50
,,1,1,1,2023-05-30_16h49.20.213,IOWA_Gambling_4Choice_H,2022.2.4,Linux x86_64,60.0024001,3,0.4004,C_Card,1,-25,-600,0,34,34,34,1,100,100,-25,-250
,,1,1,1,2023-05-30_16h49.20.213,IOWA_Gambling_4Choice_H,2022.2.4,Linux x86_64,60.0024001,1,1.7526,A_Card,0,100,-500,0,35,35,35,1,100,100,50,50
,,1,1,1,2023-05-30_16h49.20.213,IOWA_Gambling_4Choice_H,2022.2.4,Linux x86_64,60.0024001,4,1.1229,D_Card,1,50,-450,0,36,36,36,1,-150,100,-75,50
,,1,1,1,2023-05-30_16h49.20.213,IOWA_Gambling_4Choice_H,2022.2.4,Linux x86_64,60.0024001,3,0.444,C_Card,1,50,-400,0,37,37,37,1,-300,100,50,50
,,1,1,1,2023-05-30_16h49.20.213,IOWA_Gambling_4Choice_H,2022.2.4,Linux x86_64,60.0024001,2,0.4674,B_Card,0,100,-300,0,38,38,38,1,100,100,-50,50
,,1,1,1,2023-05-30_16h49.20.213,IOWA_Gambling_4Choice_H,2022.2.4,Linux x86_64,60.0024001,3,0.5705,C_Card,1,-75,-375,0,39,39,39,1,100,100,-75,50
,,1,1,1,2023-05-30_16h49.20.213,IOWA_Gambling_4Choice_H,2022.2.4,Linux x86_64,60.0024001,,,,,,,,,,,,,,,
