﻿Instruct1_Resp.keys,Instruct1_Resp.rt,participant,age,sex,date,expName,psychopyVersion,OS,frameRate,ChoiceResp.keys,ChoiceResp.rt,Chosen_Card,GoodDeck?,GainsLosses,TotalinBank,ChoiceBlock.thisRepN,ChoiceBlock.thisTrialN,ChoiceBlock.thisN,ChoiceBlock.thisIndex,ChoiceBlock.ran,A_Outcome,B_Outcome,C_Outcome,D_Outcome
space,15.151,ede,53,female,2023-04-14_24h13.19.837,IOWA_Gambling_4Choice_H,2022.2.4,Win32,59.66587112,,,,,,,,,,,,,,,
,,ede,53,female,2023-04-14_24h13.19.837,IOWA_Gambling_4Choice_H,2022.2.4,Win32,59.66587112,,,,,,,,,,,,,,,
,,ede,53,female,2023-04-14_24h13.19.837,IOWA_Gambling_4Choice_H,2022.2.4,Win32,59.66587112,,,,,,,,,,,,,,,
,,ede,53,female,2023-04-14_24h13.19.837,IOWA_Gambling_4Choice_H,2022.2.4,Win32,59.66587112,,,,,,,,,,,,,,,
,,ede,53,female,2023-04-14_24h13.19.837,IOWA_Gambling_4Choice_H,2022.2.4,Win32,59.66587112,1,3.2101,A_Card,0,100,2100,0,0,0,0,1,100,100,50,50
,,ede,53,female,2023-04-14_24h13.19.837,IOWA_Gambling_4Choice_H,2022.2.4,Win32,59.66587112,2,1.7395,B_Card,0,100,2200,0,1,1,1,1,100,100,50,50
,,ede,53,female,2023-04-14_24h13.19.837,IOWA_Gambling_4Choice_H,2022.2.4,Win32,59.66587112,3,0.5112,C_Card,1,-50,2150,0,2,2,2,1,-150,100,-50,50
,,ede,53,female,2023-04-14_24h13.19.837,IOWA_Gambling_4Choice_H,2022.2.4,Win32,59.66587112,2,0.2996,B_Card,0,100,2250,0,3,3,3,1,100,100,50,50
,,ede,53,female,2023-04-14_24h13.19.837,IOWA_Gambling_4Choice_H,2022.2.4,Win32,59.66587112,1,0.3832,A_Card,0,-300,1950,0,4,4,4,1,-300,100,-50,50
,,ede,53,female,2023-04-14_24h13.19.837,IOWA_Gambling_4Choice_H,2022.2.4,Win32,59.66587112,2,0.1646,B_Card,0,100,2050,0,5,5,5,1,100,100,50,50
,,ede,53,female,2023-04-14_24h13.19.837,IOWA_Gambling_4Choice_H,2022.2.4,Win32,59.66587112,4,0.255,D_Card,1,50,2100,0,6,6,6,1,-200,100,-50,50
,,ede,53,female,2023-04-14_24h13.19.837,IOWA_Gambling_4Choice_H,2022.2.4,Win32,59.66587112,3,0.2231,C_Card,1,50,2150,0,7,7,7,1,100,100,50,50
,,ede,53,female,2023-04-14_24h13.19.837,IOWA_Gambling_4Choice_H,2022.2.4,Win32,59.66587112,2,0.5478,B_Card,0,-1250,900,0,8,8,8,1,-250,-1250,-50,50
,,ede,53,female,2023-04-14_24h13.19.837,IOWA_Gambling_4Choice_H,2022.2.4,Win32,59.66587112,4,0.4365,D_Card,1,-250,650,0,9,9,9,1,-350,100,-50,-250
,,ede,53,female,2023-04-14_24h13.19.837,IOWA_Gambling_4Choice_H,2022.2.4,Win32,59.66587112,1,0.2818,A_Card,0,100,750,0,10,10,10,1,100,100,50,50
,,ede,53,female,2023-04-14_24h13.19.837,IOWA_Gambling_4Choice_H,2022.2.4,Win32,59.66587112,3,0.2676,C_Card,1,-25,725,0,11,11,11,1,-350,100,-25,50
,,ede,53,female,2023-04-14_24h13.19.837,IOWA_Gambling_4Choice_H,2022.2.4,Win32,59.66587112,2,0.3028,B_Card,0,100,825,0,12,12,12,1,100,100,-75,50
,,ede,53,female,2023-04-14_24h13.19.837,IOWA_Gambling_4Choice_H,2022.2.4,Win32,59.66587112,4,0.2846,D_Card,1,50,875,0,13,13,13,1,-250,-1250,50,50
,,ede,53,female,2023-04-14_24h13.19.837,IOWA_Gambling_4Choice_H,2022.2.4,Win32,59.66587112,1,0.3068,A_Card,0,-200,675,0,14,14,14,1,-200,100,-25,50
,,ede,53,female,2023-04-14_24h13.19.837,IOWA_Gambling_4Choice_H,2022.2.4,Win32,59.66587112,2,0.2994,B_Card,0,100,775,0,15,15,15,1,100,100,50,50
,,ede,53,female,2023-04-14_24h13.19.837,IOWA_Gambling_4Choice_H,2022.2.4,Win32,59.66587112,3,0.3077,C_Card,1,-25,750,0,16,16,16,1,-300,100,-25,50
,,ede,53,female,2023-04-14_24h13.19.837,IOWA_Gambling_4Choice_H,2022.2.4,Win32,59.66587112,4,0.4229,D_Card,1,50,800,0,17,17,17,1,-150,100,-75,50
,,ede,53,female,2023-04-14_24h13.19.837,IOWA_Gambling_4Choice_H,2022.2.4,Win32,59.66587112,4,0.2985,D_Card,1,50,850,0,18,18,18,1,100,100,50,50
,,ede,53,female,2023-04-14_24h13.19.837,IOWA_Gambling_4Choice_H,2022.2.4,Win32,59.66587112,1,0.2819,A_Card,0,100,950,0,19,19,19,1,100,100,-50,-250
,,ede,53,female,2023-04-14_24h13.19.837,IOWA_Gambling_4Choice_H,2022.2.4,Win32,59.66587112,3,0.3147,C_Card,1,50,1000,0,20,20,20,1,100,100,50,50
,,ede,53,female,2023-04-14_24h13.19.837,IOWA_Gambling_4Choice_H,2022.2.4,Win32,59.66587112,4,0.4489,D_Card,1,50,1050,0,21,21,21,1,-300,100,50,50
,,ede,53,female,2023-04-14_24h13.19.837,IOWA_Gambling_4Choice_H,2022.2.4,Win32,59.66587112,2,0.3032,B_Card,0,100,1150,0,22,22,22,1,100,100,50,50
,,ede,53,female,2023-04-14_24h13.19.837,IOWA_Gambling_4Choice_H,2022.2.4,Win32,59.66587112,4,0.4841,D_Card,1,50,1200,0,23,23,23,1,-350,100,-50,50
,,ede,53,female,2023-04-14_24h13.19.837,IOWA_Gambling_4Choice_H,2022.2.4,Win32,59.66587112,1,0.3002,A_Card,0,100,1300,0,24,24,24,1,100,100,-25,50
,,ede,53,female,2023-04-14_24h13.19.837,IOWA_Gambling_4Choice_H,2022.2.4,Win32,59.66587112,3,0.1403,C_Card,1,-50,1250,0,25,25,25,1,-200,100,-50,50
,,ede,53,female,2023-04-14_24h13.19.837,IOWA_Gambling_4Choice_H,2022.2.4,Win32,59.66587112,2,0.2669,B_Card,0,100,1350,0,26,26,26,1,-250,100,50,50
,,ede,53,female,2023-04-14_24h13.19.837,IOWA_Gambling_4Choice_H,2022.2.4,Win32,59.66587112,4,0.2661,D_Card,1,50,1400,0,27,27,27,1,-150,100,50,50
,,ede,53,female,2023-04-14_24h13.19.837,IOWA_Gambling_4Choice_H,2022.2.4,Win32,59.66587112,2,0.3552,B_Card,0,100,1500,0,28,28,28,1,100,100,-75,-250
,,ede,53,female,2023-04-14_24h13.19.837,IOWA_Gambling_4Choice_H,2022.2.4,Win32,59.66587112,1,0.3831,A_Card,0,100,1600,0,29,29,29,1,100,100,-50,50
,,ede,53,female,2023-04-14_24h13.19.837,IOWA_Gambling_4Choice_H,2022.2.4,Win32,59.66587112,4,0.2329,D_Card,1,50,1650,0,30,30,30,1,-350,100,50,50
,,ede,53,female,2023-04-14_24h13.19.837,IOWA_Gambling_4Choice_H,2022.2.4,Win32,59.66587112,3,0.2499,C_Card,1,50,1700,0,31,31,31,1,-200,-1250,50,50
,,ede,53,female,2023-04-14_24h13.19.837,IOWA_Gambling_4Choice_H,2022.2.4,Win32,59.66587112,2,0.3322,B_Card,0,100,1800,0,32,32,32,1,-250,100,50,50
,,ede,53,female,2023-04-14_24h13.19.837,IOWA_Gambling_4Choice_H,2022.2.4,Win32,59.66587112,4,0.2492,D_Card,1,50,1850,0,33,33,33,1,100,100,-25,50
,,ede,53,female,2023-04-14_24h13.19.837,IOWA_Gambling_4Choice_H,2022.2.4,Win32,59.66587112,1,0.2838,A_Card,0,100,1950,0,34,34,34,1,100,100,-25,-250
,,ede,53,female,2023-04-14_24h13.19.837,IOWA_Gambling_4Choice_H,2022.2.4,Win32,59.66587112,4,0.2843,D_Card,1,50,2000,0,35,35,35,1,100,100,50,50
,,ede,53,female,2023-04-14_24h13.19.837,IOWA_Gambling_4Choice_H,2022.2.4,Win32,59.66587112,3,0.6168,C_Card,1,-75,1925,0,36,36,36,1,-150,100,-75,50
,,ede,53,female,2023-04-14_24h13.19.837,IOWA_Gambling_4Choice_H,2022.2.4,Win32,59.66587112,2,0.12,B_Card,0,100,2025,0,37,37,37,1,-300,100,50,50
,,ede,53,female,2023-04-14_24h13.19.837,IOWA_Gambling_4Choice_H,2022.2.4,Win32,59.66587112,4,0.2502,D_Card,1,50,2075,0,38,38,38,1,100,100,-50,50
,,ede,53,female,2023-04-14_24h13.19.837,IOWA_Gambling_4Choice_H,2022.2.4,Win32,59.66587112,1,0.3471,A_Card,0,100,2175,0,39,39,39,1,100,100,-75,50
,,ede,53,female,2023-04-14_24h13.19.837,IOWA_Gambling_4Choice_H,2022.2.4,Win32,59.66587112,,,,,,,,,,,,,,,
