﻿Instruct1_Resp.keys,Instruct1_Resp.rt,participant,age,sex,date,expName,psychopyVersion,OS,frameRate,ChoiceResp.keys,ChoiceResp.rt,Chosen_Card,GoodDeck?,GainsLosses,TotalinBank,ChoiceBlock.thisRepN,ChoiceBlock.thisTrialN,ChoiceBlock.thisN,ChoiceBlock.thisIndex,ChoiceBlock.ran,A_Outcome,B_Outcome,C_Outcome,D_Outcome
space,9.5845,ff,33,F,2023-04-26_15h05.20.135,IOWA_Gambling_4Choice_H,2022.2.4,Win32,60.09976561,,,,,,,,,,,,,,,
,,ff,33,F,2023-04-26_15h05.20.135,IOWA_Gambling_4Choice_H,2022.2.4,Win32,60.09976561,,,,,,,,,,,,,,,
,,ff,33,F,2023-04-26_15h05.20.135,IOWA_Gambling_4Choice_H,2022.2.4,Win32,60.09976561,,,,,,,,,,,,,,,
,,ff,33,F,2023-04-26_15h05.20.135,IOWA_Gambling_4Choice_H,2022.2.4,Win32,60.09976561,,,,,,,,,,,,,,,
,,ff,33,F,2023-04-26_15h05.20.135,IOWA_Gambling_4Choice_H,2022.2.4,Win32,60.09976561,3,6.1839,C_Card,1,50,2050,0,0,0,0,1,100,100,50,50
,,ff,33,F,2023-04-26_15h05.20.135,IOWA_Gambling_4Choice_H,2022.2.4,Win32,60.09976561,1,2.7883,A_Card,0,100,2150,0,1,1,1,1,100,100,50,50
,,ff,33,F,2023-04-26_15h05.20.135,IOWA_Gambling_4Choice_H,2022.2.4,Win32,60.09976561,2,1.9722,B_Card,0,100,2250,0,2,2,2,1,-150,100,-50,50
,,ff,33,F,2023-04-26_15h05.20.135,IOWA_Gambling_4Choice_H,2022.2.4,Win32,60.09976561,4,1.8426,D_Card,1,50,2300,0,3,3,3,1,100,100,50,50
,,ff,33,F,2023-04-26_15h05.20.135,IOWA_Gambling_4Choice_H,2022.2.4,Win32,60.09976561,1,1.0387,A_Card,0,-300,2000,0,4,4,4,1,-300,100,-50,50
,,ff,33,F,2023-04-26_15h05.20.135,IOWA_Gambling_4Choice_H,2022.2.4,Win32,60.09976561,3,1.151,C_Card,1,50,2050,0,5,5,5,1,100,100,50,50
,,ff,33,F,2023-04-26_15h05.20.135,IOWA_Gambling_4Choice_H,2022.2.4,Win32,60.09976561,2,1.2852,B_Card,0,100,2150,0,6,6,6,1,-200,100,-50,50
,,ff,33,F,2023-04-26_15h05.20.135,IOWA_Gambling_4Choice_H,2022.2.4,Win32,60.09976561,4,0.831,D_Card,1,50,2200,0,7,7,7,1,100,100,50,50
,,ff,33,F,2023-04-26_15h05.20.135,IOWA_Gambling_4Choice_H,2022.2.4,Win32,60.09976561,3,2.1893,C_Card,1,-50,2150,0,8,8,8,1,-250,-1250,-50,50
,,ff,33,F,2023-04-26_15h05.20.135,IOWA_Gambling_4Choice_H,2022.2.4,Win32,60.09976561,1,0.4191,A_Card,0,-350,1800,0,9,9,9,1,-350,100,-50,-250
,,ff,33,F,2023-04-26_15h05.20.135,IOWA_Gambling_4Choice_H,2022.2.4,Win32,60.09976561,2,0.4336,B_Card,0,100,1900,0,10,10,10,1,100,100,50,50
,,ff,33,F,2023-04-26_15h05.20.135,IOWA_Gambling_4Choice_H,2022.2.4,Win32,60.09976561,4,0.4056,D_Card,1,50,1950,0,11,11,11,1,-350,100,-25,50
,,ff,33,F,2023-04-26_15h05.20.135,IOWA_Gambling_4Choice_H,2022.2.4,Win32,60.09976561,2,0.3362,B_Card,0,100,2050,0,12,12,12,1,100,100,-75,50
,,ff,33,F,2023-04-26_15h05.20.135,IOWA_Gambling_4Choice_H,2022.2.4,Win32,60.09976561,4,0.3571,D_Card,1,50,2100,0,13,13,13,1,-250,-1250,50,50
,,ff,33,F,2023-04-26_15h05.20.135,IOWA_Gambling_4Choice_H,2022.2.4,Win32,60.09976561,2,0.31,B_Card,0,100,2200,0,14,14,14,1,-200,100,-25,50
,,ff,33,F,2023-04-26_15h05.20.135,IOWA_Gambling_4Choice_H,2022.2.4,Win32,60.09976561,4,0.2714,D_Card,1,50,2250,0,15,15,15,1,100,100,50,50
,,ff,33,F,2023-04-26_15h05.20.135,IOWA_Gambling_4Choice_H,2022.2.4,Win32,60.09976561,2,0.4685,B_Card,0,100,2350,0,16,16,16,1,-300,100,-25,50
,,ff,33,F,2023-04-26_15h05.20.135,IOWA_Gambling_4Choice_H,2022.2.4,Win32,60.09976561,2,0.3206,B_Card,0,100,2450,0,17,17,17,1,-150,100,-75,50
,,ff,33,F,2023-04-26_15h05.20.135,IOWA_Gambling_4Choice_H,2022.2.4,Win32,60.09976561,2,0.4681,B_Card,0,100,2550,0,18,18,18,1,100,100,50,50
,,ff,33,F,2023-04-26_15h05.20.135,IOWA_Gambling_4Choice_H,2022.2.4,Win32,60.09976561,2,0.6069,B_Card,0,100,2650,0,19,19,19,1,100,100,-50,-250
,,ff,33,F,2023-04-26_15h05.20.135,IOWA_Gambling_4Choice_H,2022.2.4,Win32,60.09976561,2,0.7522,B_Card,0,100,2750,0,20,20,20,1,100,100,50,50
,,ff,33,F,2023-04-26_15h05.20.135,IOWA_Gambling_4Choice_H,2022.2.4,Win32,60.09976561,2,0.3873,B_Card,0,100,2850,0,21,21,21,1,-300,100,50,50
,,ff,33,F,2023-04-26_15h05.20.135,IOWA_Gambling_4Choice_H,2022.2.4,Win32,60.09976561,2,0.5014,B_Card,0,100,2950,0,22,22,22,1,100,100,50,50
,,ff,33,F,2023-04-26_15h05.20.135,IOWA_Gambling_4Choice_H,2022.2.4,Win32,60.09976561,2,0.5346,B_Card,0,100,3050,0,23,23,23,1,-350,100,-50,50
,,ff,33,F,2023-04-26_15h05.20.135,IOWA_Gambling_4Choice_H,2022.2.4,Win32,60.09976561,2,0.3672,B_Card,0,100,3150,0,24,24,24,1,100,100,-25,50
,,ff,33,F,2023-04-26_15h05.20.135,IOWA_Gambling_4Choice_H,2022.2.4,Win32,60.09976561,2,0.3432,B_Card,0,100,3250,0,25,25,25,1,-200,100,-50,50
,,ff,33,F,2023-04-26_15h05.20.135,IOWA_Gambling_4Choice_H,2022.2.4,Win32,60.09976561,2,0.3404,B_Card,0,100,3350,0,26,26,26,1,-250,100,50,50
,,ff,33,F,2023-04-26_15h05.20.135,IOWA_Gambling_4Choice_H,2022.2.4,Win32,60.09976561,2,0.5503,B_Card,0,100,3450,0,27,27,27,1,-150,100,50,50
,,ff,33,F,2023-04-26_15h05.20.135,IOWA_Gambling_4Choice_H,2022.2.4,Win32,60.09976561,2,0.4524,B_Card,0,100,3550,0,28,28,28,1,100,100,-75,-250
,,ff,33,F,2023-04-26_15h05.20.135,IOWA_Gambling_4Choice_H,2022.2.4,Win32,60.09976561,2,0.3845,B_Card,0,100,3650,0,29,29,29,1,100,100,-50,50
,,ff,33,F,2023-04-26_15h05.20.135,IOWA_Gambling_4Choice_H,2022.2.4,Win32,60.09976561,2,0.4566,B_Card,0,100,3750,0,30,30,30,1,-350,100,50,50
,,ff,33,F,2023-04-26_15h05.20.135,IOWA_Gambling_4Choice_H,2022.2.4,Win32,60.09976561,2,0.3099,B_Card,0,-1250,2500,0,31,31,31,1,-200,-1250,50,50
,,ff,33,F,2023-04-26_15h05.20.135,IOWA_Gambling_4Choice_H,2022.2.4,Win32,60.09976561,3,1.2319,C_Card,1,50,2550,0,32,32,32,1,-250,100,50,50
,,ff,33,F,2023-04-26_15h05.20.135,IOWA_Gambling_4Choice_H,2022.2.4,Win32,60.09976561,1,0.3356,A_Card,0,100,2650,0,33,33,33,1,100,100,-25,50
,,ff,33,F,2023-04-26_15h05.20.135,IOWA_Gambling_4Choice_H,2022.2.4,Win32,60.09976561,3,0.2845,C_Card,1,-25,2625,0,34,34,34,1,100,100,-25,-250
,,ff,33,F,2023-04-26_15h05.20.135,IOWA_Gambling_4Choice_H,2022.2.4,Win32,60.09976561,1,0.2683,A_Card,0,100,2725,0,35,35,35,1,100,100,50,50
,,ff,33,F,2023-04-26_15h05.20.135,IOWA_Gambling_4Choice_H,2022.2.4,Win32,60.09976561,1,0.2736,A_Card,0,-150,2575,0,36,36,36,1,-150,100,-75,50
,,ff,33,F,2023-04-26_15h05.20.135,IOWA_Gambling_4Choice_H,2022.2.4,Win32,60.09976561,4,0.4109,D_Card,1,50,2625,0,37,37,37,1,-300,100,50,50
,,ff,33,F,2023-04-26_15h05.20.135,IOWA_Gambling_4Choice_H,2022.2.4,Win32,60.09976561,2,0.0374,B_Card,0,100,2725,0,38,38,38,1,100,100,-50,50
,,ff,33,F,2023-04-26_15h05.20.135,IOWA_Gambling_4Choice_H,2022.2.4,Win32,60.09976561,2,0.4472,B_Card,0,100,2825,0,39,39,39,1,100,100,-75,50
,,ff,33,F,2023-04-26_15h05.20.135,IOWA_Gambling_4Choice_H,2022.2.4,Win32,60.09976561,,,,,,,,,,,,,,,
