﻿Instruct1_Resp.keys,Instruct1_Resp.rt,participant,age,sex,date,expName,psychopyVersion,OS,frameRate,ChoiceResp.keys,ChoiceResp.rt,Chosen_Card,GoodDeck?,GainsLosses,TotalinBank,ChoiceBlock.thisRepN,ChoiceBlock.thisTrialN,ChoiceBlock.thisN,ChoiceBlock.thisIndex,ChoiceBlock.ran,A_Outcome,B_Outcome,C_Outcome,D_Outcome
space,4.7128,gary,31,M,2023-05-22_08h43.45.916,IOWA_Gambling_4Choice_H,2022.2.4,Win32,59.81934558,,,,,,,,,,,,,,,
,,gary,31,M,2023-05-22_08h43.45.916,IOWA_Gambling_4Choice_H,2022.2.4,Win32,59.81934558,,,,,,,,,,,,,,,
,,gary,31,M,2023-05-22_08h43.45.916,IOWA_Gambling_4Choice_H,2022.2.4,Win32,59.81934558,,,,,,,,,,,,,,,
,,gary,31,M,2023-05-22_08h43.45.916,IOWA_Gambling_4Choice_H,2022.2.4,Win32,59.81934558,,,,,,,,,,,,,,,
,,gary,31,M,2023-05-22_08h43.45.916,IOWA_Gambling_4Choice_H,2022.2.4,Win32,59.81934558,1,8.7539,A_Card,0,100,2100,0,0,0,0,1,100,100,50,50
,,gary,31,M,2023-05-22_08h43.45.916,IOWA_Gambling_4Choice_H,2022.2.4,Win32,59.81934558,3,5.6394,C_Card,1,50,2150,0,1,1,1,1,100,100,50,50
,,gary,31,M,2023-05-22_08h43.45.916,IOWA_Gambling_4Choice_H,2022.2.4,Win32,59.81934558,3,1.0002,C_Card,1,-50,2100,0,2,2,2,1,-150,100,-50,50
,,gary,31,M,2023-05-22_08h43.45.916,IOWA_Gambling_4Choice_H,2022.2.4,Win32,59.81934558,3,0.4988,C_Card,1,50,2150,0,3,3,3,1,100,100,50,50
,,gary,31,M,2023-05-22_08h43.45.916,IOWA_Gambling_4Choice_H,2022.2.4,Win32,59.81934558,3,0.6318,C_Card,1,-50,2100,0,4,4,4,1,-300,100,-50,50
,,gary,31,M,2023-05-22_08h43.45.916,IOWA_Gambling_4Choice_H,2022.2.4,Win32,59.81934558,3,0.295,C_Card,1,50,2150,0,5,5,5,1,100,100,50,50
,,gary,31,M,2023-05-22_08h43.45.916,IOWA_Gambling_4Choice_H,2022.2.4,Win32,59.81934558,3,0.3095,C_Card,1,-50,2100,0,6,6,6,1,-200,100,-50,50
,,gary,31,M,2023-05-22_08h43.45.916,IOWA_Gambling_4Choice_H,2022.2.4,Win32,59.81934558,3,0.419,C_Card,1,50,2150,0,7,7,7,1,100,100,50,50
,,gary,31,M,2023-05-22_08h43.45.916,IOWA_Gambling_4Choice_H,2022.2.4,Win32,59.81934558,1,13.4194,A_Card,0,-250,1900,0,8,8,8,1,-250,-1250,-50,50
,,gary,31,M,2023-05-22_08h43.45.916,IOWA_Gambling_4Choice_H,2022.2.4,Win32,59.81934558,2,2.6087,B_Card,0,100,2000,0,9,9,9,1,-350,100,-50,-250
,,gary,31,M,2023-05-22_08h43.45.916,IOWA_Gambling_4Choice_H,2022.2.4,Win32,59.81934558,3,0.9194,C_Card,1,50,2050,0,10,10,10,1,100,100,50,50
,,gary,31,M,2023-05-22_08h43.45.916,IOWA_Gambling_4Choice_H,2022.2.4,Win32,59.81934558,3,0.5915,C_Card,1,-25,2025,0,11,11,11,1,-350,100,-25,50
,,gary,31,M,2023-05-22_08h43.45.916,IOWA_Gambling_4Choice_H,2022.2.4,Win32,59.81934558,3,0.6029,C_Card,1,-75,1950,0,12,12,12,1,100,100,-75,50
,,gary,31,M,2023-05-22_08h43.45.916,IOWA_Gambling_4Choice_H,2022.2.4,Win32,59.81934558,4,0.543,D_Card,1,50,2000,0,13,13,13,1,-250,-1250,50,50
,,gary,31,M,2023-05-22_08h43.45.916,IOWA_Gambling_4Choice_H,2022.2.4,Win32,59.81934558,1,0.8012,A_Card,0,-200,1800,0,14,14,14,1,-200,100,-25,50
,,gary,31,M,2023-05-22_08h43.45.916,IOWA_Gambling_4Choice_H,2022.2.4,Win32,59.81934558,2,0.6162,B_Card,0,100,1900,0,15,15,15,1,100,100,50,50
,,gary,31,M,2023-05-22_08h43.45.916,IOWA_Gambling_4Choice_H,2022.2.4,Win32,59.81934558,2,0.3205,B_Card,0,100,2000,0,16,16,16,1,-300,100,-25,50
,,gary,31,M,2023-05-22_08h43.45.916,IOWA_Gambling_4Choice_H,2022.2.4,Win32,59.81934558,3,0.6113,C_Card,1,-75,1925,0,17,17,17,1,-150,100,-75,50
,,gary,31,M,2023-05-22_08h43.45.916,IOWA_Gambling_4Choice_H,2022.2.4,Win32,59.81934558,1,0.6236,A_Card,0,100,2025,0,18,18,18,1,100,100,50,50
,,gary,31,M,2023-05-22_08h43.45.916,IOWA_Gambling_4Choice_H,2022.2.4,Win32,59.81934558,2,0.3757,B_Card,0,100,2125,0,19,19,19,1,100,100,-50,-250
,,gary,31,M,2023-05-22_08h43.45.916,IOWA_Gambling_4Choice_H,2022.2.4,Win32,59.81934558,1,0.3532,A_Card,0,100,2225,0,20,20,20,1,100,100,50,50
,,gary,31,M,2023-05-22_08h43.45.916,IOWA_Gambling_4Choice_H,2022.2.4,Win32,59.81934558,1,0.4018,A_Card,0,-300,1925,0,21,21,21,1,-300,100,50,50
,,gary,31,M,2023-05-22_08h43.45.916,IOWA_Gambling_4Choice_H,2022.2.4,Win32,59.81934558,3,2.136,C_Card,1,50,1975,0,22,22,22,1,100,100,50,50
,,gary,31,M,2023-05-22_08h43.45.916,IOWA_Gambling_4Choice_H,2022.2.4,Win32,59.81934558,3,0.9438,C_Card,1,-50,1925,0,23,23,23,1,-350,100,-50,50
,,gary,31,M,2023-05-22_08h43.45.916,IOWA_Gambling_4Choice_H,2022.2.4,Win32,59.81934558,3,0.5522,C_Card,1,-25,1900,0,24,24,24,1,100,100,-25,50
,,gary,31,M,2023-05-22_08h43.45.916,IOWA_Gambling_4Choice_H,2022.2.4,Win32,59.81934558,4,0.4102,D_Card,1,50,1950,0,25,25,25,1,-200,100,-50,50
,,gary,31,M,2023-05-22_08h43.45.916,IOWA_Gambling_4Choice_H,2022.2.4,Win32,59.81934558,1,0.2983,A_Card,0,-250,1700,0,26,26,26,1,-250,100,50,50
,,gary,31,M,2023-05-22_08h43.45.916,IOWA_Gambling_4Choice_H,2022.2.4,Win32,59.81934558,2,0.2614,B_Card,0,100,1800,0,27,27,27,1,-150,100,50,50
,,gary,31,M,2023-05-22_08h43.45.916,IOWA_Gambling_4Choice_H,2022.2.4,Win32,59.81934558,3,0.4987,C_Card,1,-75,1725,0,28,28,28,1,100,100,-75,-250
,,gary,31,M,2023-05-22_08h43.45.916,IOWA_Gambling_4Choice_H,2022.2.4,Win32,59.81934558,4,0.3254,D_Card,1,50,1775,0,29,29,29,1,100,100,-50,50
,,gary,31,M,2023-05-22_08h43.45.916,IOWA_Gambling_4Choice_H,2022.2.4,Win32,59.81934558,3,0.3665,C_Card,1,50,1825,0,30,30,30,1,-350,100,50,50
,,gary,31,M,2023-05-22_08h43.45.916,IOWA_Gambling_4Choice_H,2022.2.4,Win32,59.81934558,3,0.2482,C_Card,1,50,1875,0,31,31,31,1,-200,-1250,50,50
,,gary,31,M,2023-05-22_08h43.45.916,IOWA_Gambling_4Choice_H,2022.2.4,Win32,59.81934558,3,0.8362,C_Card,1,50,1925,0,32,32,32,1,-250,100,50,50
,,gary,31,M,2023-05-22_08h43.45.916,IOWA_Gambling_4Choice_H,2022.2.4,Win32,59.81934558,3,0.3941,C_Card,1,-25,1900,0,33,33,33,1,100,100,-25,50
,,gary,31,M,2023-05-22_08h43.45.916,IOWA_Gambling_4Choice_H,2022.2.4,Win32,59.81934558,4,1.5078,D_Card,1,-250,1650,0,34,34,34,1,100,100,-25,-250
,,gary,31,M,2023-05-22_08h43.45.916,IOWA_Gambling_4Choice_H,2022.2.4,Win32,59.81934558,1,0.5494,A_Card,0,100,1750,0,35,35,35,1,100,100,50,50
,,gary,31,M,2023-05-22_08h43.45.916,IOWA_Gambling_4Choice_H,2022.2.4,Win32,59.81934558,1,0.5029,A_Card,0,-150,1600,0,36,36,36,1,-150,100,-75,50
,,gary,31,M,2023-05-22_08h43.45.916,IOWA_Gambling_4Choice_H,2022.2.4,Win32,59.81934558,1,0.668,A_Card,0,-300,1300,0,37,37,37,1,-300,100,50,50
,,gary,31,M,2023-05-22_08h43.45.916,IOWA_Gambling_4Choice_H,2022.2.4,Win32,59.81934558,1,0.4614,A_Card,0,100,1400,0,38,38,38,1,100,100,-50,50
,,gary,31,M,2023-05-22_08h43.45.916,IOWA_Gambling_4Choice_H,2022.2.4,Win32,59.81934558,1,0.3952,A_Card,0,100,1500,0,39,39,39,1,100,100,-75,50
,,gary,31,M,2023-05-22_08h43.45.916,IOWA_Gambling_4Choice_H,2022.2.4,Win32,59.81934558,,,,,,,,,,,,,,,
