﻿Instruct1_Resp.keys,Instruct1_Resp.rt,participant,age,sex,date,expName,psychopyVersion,OS,frameRate,ChoiceResp.keys,ChoiceResp.rt,Chosen_Card,GoodDeck?,GainsLosses,TotalinBank,ChoiceBlock.thisRepN,ChoiceBlock.thisTrialN,ChoiceBlock.thisN,ChoiceBlock.thisIndex,ChoiceBlock.ran,A_Outcome,B_Outcome,C_Outcome,D_Outcome
space,10.528,n1,80,m,2023-01-05_17h30.07.979,IOWA_Gambling_4Choice_H,2022.2.4,MacIntel,62.5,,,,,,,,,,,,,,,
,,n1,80,m,2023-01-05_17h30.07.979,IOWA_Gambling_4Choice_H,2022.2.4,MacIntel,62.5,,,,,,,,,,,,,,,
,,n1,80,m,2023-01-05_17h30.07.979,IOWA_Gambling_4Choice_H,2022.2.4,MacIntel,62.5,,,,,,,,,,,,,,,
,,n1,80,m,2023-01-05_17h30.07.979,IOWA_Gambling_4Choice_H,2022.2.4,MacIntel,62.5,,,,,,,,,,,,,,,
,,n1,80,m,2023-01-05_17h30.07.979,IOWA_Gambling_4Choice_H,2022.2.4,MacIntel,62.5,1,1.539,A_Card,0,100,2100,0,0,0,0,1,100,100,50,50
,,n1,80,m,2023-01-05_17h30.07.979,IOWA_Gambling_4Choice_H,2022.2.4,MacIntel,62.5,2,1.265,B_Card,0,100,2200,0,1,1,1,1,100,100,50,50
,,n1,80,m,2023-01-05_17h30.07.979,IOWA_Gambling_4Choice_H,2022.2.4,MacIntel,62.5,2,1.215,B_Card,0,100,2300,0,2,2,2,1,-150,100,-50,50
,,n1,80,m,2023-01-05_17h30.07.979,IOWA_Gambling_4Choice_H,2022.2.4,MacIntel,62.5,3,1.357,C_Card,1,50,2350,0,3,3,3,1,100,100,50,50
,,n1,80,m,2023-01-05_17h30.07.979,IOWA_Gambling_4Choice_H,2022.2.4,MacIntel,62.5,4,1.649,D_Card,1,50,2400,0,4,4,4,1,-300,100,-50,50
,,n1,80,m,2023-01-05_17h30.07.979,IOWA_Gambling_4Choice_H,2022.2.4,MacIntel,62.5,4,1.024,D_Card,1,50,2450,0,5,5,5,1,100,100,50,50
,,n1,80,m,2023-01-05_17h30.07.979,IOWA_Gambling_4Choice_H,2022.2.4,MacIntel,62.5,2,0.766,B_Card,0,100,2550,0,6,6,6,1,-200,100,-50,50
,,n1,80,m,2023-01-05_17h30.07.979,IOWA_Gambling_4Choice_H,2022.2.4,MacIntel,62.5,4,0.5,D_Card,1,50,2600,0,7,7,7,1,100,100,50,50
,,n1,80,m,2023-01-05_17h30.07.979,IOWA_Gambling_4Choice_H,2022.2.4,MacIntel,62.5,4,0.382,D_Card,1,50,2650,0,8,8,8,1,-250,-1250,-50,50
,,n1,80,m,2023-01-05_17h30.07.979,IOWA_Gambling_4Choice_H,2022.2.4,MacIntel,62.5,3,0.407,C_Card,1,-50,2600,0,9,9,9,1,-350,100,-50,-250
,,n1,80,m,2023-01-05_17h30.07.979,IOWA_Gambling_4Choice_H,2022.2.4,MacIntel,62.5,3,1.283,C_Card,1,50,2650,0,10,10,10,1,100,100,50,50
,,n1,80,m,2023-01-05_17h30.07.979,IOWA_Gambling_4Choice_H,2022.2.4,MacIntel,62.5,2,0.521,B_Card,0,100,2750,0,11,11,11,1,-350,100,-25,50
,,n1,80,m,2023-01-05_17h30.07.979,IOWA_Gambling_4Choice_H,2022.2.4,MacIntel,62.5,2,0.566,B_Card,0,100,2850,0,12,12,12,1,100,100,-75,50
,,n1,80,m,2023-01-05_17h30.07.979,IOWA_Gambling_4Choice_H,2022.2.4,MacIntel,62.5,4,1.067,D_Card,1,50,2900,0,13,13,13,1,-250,-1250,50,50
,,n1,80,m,2023-01-05_17h30.07.979,IOWA_Gambling_4Choice_H,2022.2.4,MacIntel,62.5,1,0.516,A_Card,0,-200,2700,0,14,14,14,1,-200,100,-25,50
,,n1,80,m,2023-01-05_17h30.07.979,IOWA_Gambling_4Choice_H,2022.2.4,MacIntel,62.5,4,0.416,D_Card,1,50,2750,0,15,15,15,1,100,100,50,50
,,n1,80,m,2023-01-05_17h30.07.979,IOWA_Gambling_4Choice_H,2022.2.4,MacIntel,62.5,1,0.415,A_Card,0,-300,2450,0,16,16,16,1,-300,100,-25,50
,,n1,80,m,2023-01-05_17h30.07.979,IOWA_Gambling_4Choice_H,2022.2.4,MacIntel,62.5,4,0.932,D_Card,1,50,2500,0,17,17,17,1,-150,100,-75,50
,,n1,80,m,2023-01-05_17h30.07.979,IOWA_Gambling_4Choice_H,2022.2.4,MacIntel,62.5,2,1.102,B_Card,0,100,2600,0,18,18,18,1,100,100,50,50
,,n1,80,m,2023-01-05_17h30.07.979,IOWA_Gambling_4Choice_H,2022.2.4,MacIntel,62.5,2,1.766,B_Card,0,100,2700,0,19,19,19,1,100,100,-50,-250
,,n1,80,m,2023-01-05_17h30.07.979,IOWA_Gambling_4Choice_H,2022.2.4,MacIntel,62.5,4,0.566,D_Card,1,50,2750,0,20,20,20,1,100,100,50,50
,,n1,80,m,2023-01-05_17h30.07.979,IOWA_Gambling_4Choice_H,2022.2.4,MacIntel,62.5,2,0.968,B_Card,0,100,2850,0,21,21,21,1,-300,100,50,50
,,n1,80,m,2023-01-05_17h30.07.979,IOWA_Gambling_4Choice_H,2022.2.4,MacIntel,62.5,4,1.083,D_Card,1,50,2900,0,22,22,22,1,100,100,50,50
,,n1,80,m,2023-01-05_17h30.07.979,IOWA_Gambling_4Choice_H,2022.2.4,MacIntel,62.5,1,0.55,A_Card,0,-350,2550,0,23,23,23,1,-350,100,-50,50
,,n1,80,m,2023-01-05_17h30.07.979,IOWA_Gambling_4Choice_H,2022.2.4,MacIntel,62.5,1,0.97,A_Card,0,100,2650,0,24,24,24,1,100,100,-25,50
,,n1,80,m,2023-01-05_17h30.07.979,IOWA_Gambling_4Choice_H,2022.2.4,MacIntel,62.5,2,1.166,B_Card,0,100,2750,0,25,25,25,1,-200,100,-50,50
,,n1,80,m,2023-01-05_17h30.07.979,IOWA_Gambling_4Choice_H,2022.2.4,MacIntel,62.5,4,0.499,D_Card,1,50,2800,0,26,26,26,1,-250,100,50,50
,,n1,80,m,2023-01-05_17h30.07.979,IOWA_Gambling_4Choice_H,2022.2.4,MacIntel,62.5,4,0.505,D_Card,1,50,2850,0,27,27,27,1,-150,100,50,50
,,n1,80,m,2023-01-05_17h30.07.979,IOWA_Gambling_4Choice_H,2022.2.4,MacIntel,62.5,4,0.298,D_Card,1,-250,2600,0,28,28,28,1,100,100,-75,-250
,,n1,80,m,2023-01-05_17h30.07.979,IOWA_Gambling_4Choice_H,2022.2.4,MacIntel,62.5,2,0.466,B_Card,0,100,2700,0,29,29,29,1,100,100,-50,50
,,n1,80,m,2023-01-05_17h30.07.979,IOWA_Gambling_4Choice_H,2022.2.4,MacIntel,62.5,2,0.789,B_Card,0,100,2800,0,30,30,30,1,-350,100,50,50
,,n1,80,m,2023-01-05_17h30.07.979,IOWA_Gambling_4Choice_H,2022.2.4,MacIntel,62.5,4,0.336,D_Card,1,50,2850,0,31,31,31,1,-200,-1250,50,50
,,n1,80,m,2023-01-05_17h30.07.979,IOWA_Gambling_4Choice_H,2022.2.4,MacIntel,62.5,4,1.019,D_Card,1,50,2900,0,32,32,32,1,-250,100,50,50
,,n1,80,m,2023-01-05_17h30.07.979,IOWA_Gambling_4Choice_H,2022.2.4,MacIntel,62.5,1,0.403,A_Card,0,100,3000,0,33,33,33,1,100,100,-25,50
,,n1,80,m,2023-01-05_17h30.07.979,IOWA_Gambling_4Choice_H,2022.2.4,MacIntel,62.5,2,0.318,B_Card,0,100,3100,0,34,34,34,1,100,100,-25,-250
,,n1,80,m,2023-01-05_17h30.07.979,IOWA_Gambling_4Choice_H,2022.2.4,MacIntel,62.5,2,2.116,B_Card,0,100,3200,0,35,35,35,1,100,100,50,50
,,n1,80,m,2023-01-05_17h30.07.979,IOWA_Gambling_4Choice_H,2022.2.4,MacIntel,62.5,4,1.488,D_Card,1,50,3250,0,36,36,36,1,-150,100,-75,50
,,n1,80,m,2023-01-05_17h30.07.979,IOWA_Gambling_4Choice_H,2022.2.4,MacIntel,62.5,4,0.45,D_Card,1,50,3300,0,37,37,37,1,-300,100,50,50
,,n1,80,m,2023-01-05_17h30.07.979,IOWA_Gambling_4Choice_H,2022.2.4,MacIntel,62.5,4,0.333,D_Card,1,50,3350,0,38,38,38,1,100,100,-50,50
,,n1,80,m,2023-01-05_17h30.07.979,IOWA_Gambling_4Choice_H,2022.2.4,MacIntel,62.5,3,0.799,C_Card,1,-75,3275,0,39,39,39,1,100,100,-75,50
,,n1,80,m,2023-01-05_17h30.07.979,IOWA_Gambling_4Choice_H,2022.2.4,MacIntel,62.5,,,,,,,,,,,,,,,
