﻿Instruct1_Resp.keys,Instruct1_Resp.rt,participant,age,sex,date,expName,psychopyVersion,OS,frameRate,ChoiceResp.keys,ChoiceResp.rt,Chosen_Card,GoodDeck?,GainsLosses,TotalinBank,ChoiceBlock.thisRepN,ChoiceBlock.thisTrialN,ChoiceBlock.thisN,ChoiceBlock.thisIndex,ChoiceBlock.ran,A_Outcome,B_Outcome,C_Outcome,D_Outcome
space,23.6058,qef,wef,feadf,2023-05-05_18h33.44.556,IOWA_Gambling_4Choice_H,2022.2.4,MacIntel,60.0024001,,,,,,,,,,,,,,,
,,qef,wef,feadf,2023-05-05_18h33.44.556,IOWA_Gambling_4Choice_H,2022.2.4,MacIntel,60.0024001,,,,,,,,,,,,,,,
,,qef,wef,feadf,2023-05-05_18h33.44.556,IOWA_Gambling_4Choice_H,2022.2.4,MacIntel,60.0024001,,,,,,,,,,,,,,,
,,qef,wef,feadf,2023-05-05_18h33.44.556,IOWA_Gambling_4Choice_H,2022.2.4,MacIntel,60.0024001,,,,,,,,,,,,,,,
,,qef,wef,feadf,2023-05-05_18h33.44.556,IOWA_Gambling_4Choice_H,2022.2.4,MacIntel,60.0024001,2,4.3603,B_Card,0,100,2100,0,0,0,0,1,100,100,50,50
,,qef,wef,feadf,2023-05-05_18h33.44.556,IOWA_Gambling_4Choice_H,2022.2.4,MacIntel,60.0024001,3,5.1851,C_Card,1,50,2150,0,1,1,1,1,100,100,50,50
,,qef,wef,feadf,2023-05-05_18h33.44.556,IOWA_Gambling_4Choice_H,2022.2.4,MacIntel,60.0024001,1,2.8408,A_Card,0,-150,2000,0,2,2,2,1,-150,100,-50,50
,,qef,wef,feadf,2023-05-05_18h33.44.556,IOWA_Gambling_4Choice_H,2022.2.4,MacIntel,60.0024001,4,3.1155,D_Card,1,50,2050,0,3,3,3,1,100,100,50,50
,,qef,wef,feadf,2023-05-05_18h33.44.556,IOWA_Gambling_4Choice_H,2022.2.4,MacIntel,60.0024001,3,2.3194,C_Card,1,-50,2000,0,4,4,4,1,-300,100,-50,50
,,qef,wef,feadf,2023-05-05_18h33.44.556,IOWA_Gambling_4Choice_H,2022.2.4,MacIntel,60.0024001,2,0.5727,B_Card,0,100,2100,0,5,5,5,1,100,100,50,50
,,qef,wef,feadf,2023-05-05_18h33.44.556,IOWA_Gambling_4Choice_H,2022.2.4,MacIntel,60.0024001,1,0.5876,A_Card,0,-200,1900,0,6,6,6,1,-200,100,-50,50
,,qef,wef,feadf,2023-05-05_18h33.44.556,IOWA_Gambling_4Choice_H,2022.2.4,MacIntel,60.0024001,3,1.303,C_Card,1,50,1950,0,7,7,7,1,100,100,50,50
,,qef,wef,feadf,2023-05-05_18h33.44.556,IOWA_Gambling_4Choice_H,2022.2.4,MacIntel,60.0024001,2,18.4386,B_Card,0,-1250,700,0,8,8,8,1,-250,-1250,-50,50
,,qef,wef,feadf,2023-05-05_18h33.44.556,IOWA_Gambling_4Choice_H,2022.2.4,MacIntel,60.0024001,3,1.2667,C_Card,1,-50,650,0,9,9,9,1,-350,100,-50,-250
,,qef,wef,feadf,2023-05-05_18h33.44.556,IOWA_Gambling_4Choice_H,2022.2.4,MacIntel,60.0024001,2,0.7659,B_Card,0,100,750,0,10,10,10,1,100,100,50,50
,,qef,wef,feadf,2023-05-05_18h33.44.556,IOWA_Gambling_4Choice_H,2022.2.4,MacIntel,60.0024001,2,5.6877,B_Card,0,100,850,0,11,11,11,1,-350,100,-25,50
,,qef,wef,feadf,2023-05-05_18h33.44.556,IOWA_Gambling_4Choice_H,2022.2.4,MacIntel,60.0024001,2,14.6224,B_Card,0,100,950,0,12,12,12,1,100,100,-75,50
,,qef,wef,feadf,2023-05-05_18h33.44.556,IOWA_Gambling_4Choice_H,2022.2.4,MacIntel,60.0024001,1,7.2991,A_Card,0,-250,700,0,13,13,13,1,-250,-1250,50,50
,,qef,wef,feadf,2023-05-05_18h33.44.556,IOWA_Gambling_4Choice_H,2022.2.4,MacIntel,60.0024001,3,1.419,C_Card,1,-25,675,0,14,14,14,1,-200,100,-25,50
,,qef,wef,feadf,2023-05-05_18h33.44.556,IOWA_Gambling_4Choice_H,2022.2.4,MacIntel,60.0024001,2,0.7211,B_Card,0,100,775,0,15,15,15,1,100,100,50,50
,,qef,wef,feadf,2023-05-05_18h33.44.556,IOWA_Gambling_4Choice_H,2022.2.4,MacIntel,60.0024001,3,0.6006,C_Card,1,-25,750,0,16,16,16,1,-300,100,-25,50
,,qef,wef,feadf,2023-05-05_18h33.44.556,IOWA_Gambling_4Choice_H,2022.2.4,MacIntel,60.0024001,2,0.583,B_Card,0,100,850,0,17,17,17,1,-150,100,-75,50
,,qef,wef,feadf,2023-05-05_18h33.44.556,IOWA_Gambling_4Choice_H,2022.2.4,MacIntel,60.0024001,1,0.5751,A_Card,0,100,950,0,18,18,18,1,100,100,50,50
,,qef,wef,feadf,2023-05-05_18h33.44.556,IOWA_Gambling_4Choice_H,2022.2.4,MacIntel,60.0024001,3,0.569,C_Card,1,-50,900,0,19,19,19,1,100,100,-50,-250
,,qef,wef,feadf,2023-05-05_18h33.44.556,IOWA_Gambling_4Choice_H,2022.2.4,MacIntel,60.0024001,2,0.7324,B_Card,0,100,1000,0,20,20,20,1,100,100,50,50
,,qef,wef,feadf,2023-05-05_18h33.44.556,IOWA_Gambling_4Choice_H,2022.2.4,MacIntel,60.0024001,1,0.8363,A_Card,0,-300,700,0,21,21,21,1,-300,100,50,50
,,qef,wef,feadf,2023-05-05_18h33.44.556,IOWA_Gambling_4Choice_H,2022.2.4,MacIntel,60.0024001,2,0.579,B_Card,0,100,800,0,22,22,22,1,100,100,50,50
,,qef,wef,feadf,2023-05-05_18h33.44.556,IOWA_Gambling_4Choice_H,2022.2.4,MacIntel,60.0024001,3,0.5537,C_Card,1,-50,750,0,23,23,23,1,-350,100,-50,50
,,qef,wef,feadf,2023-05-05_18h33.44.556,IOWA_Gambling_4Choice_H,2022.2.4,MacIntel,60.0024001,4,0.6183,D_Card,1,50,800,0,24,24,24,1,100,100,-25,50
,,qef,wef,feadf,2023-05-05_18h33.44.556,IOWA_Gambling_4Choice_H,2022.2.4,MacIntel,60.0024001,4,1.3679,D_Card,1,50,850,0,25,25,25,1,-200,100,-50,50
,,qef,wef,feadf,2023-05-05_18h33.44.556,IOWA_Gambling_4Choice_H,2022.2.4,MacIntel,60.0024001,3,1.3279,C_Card,1,50,900,0,26,26,26,1,-250,100,50,50
,,qef,wef,feadf,2023-05-05_18h33.44.556,IOWA_Gambling_4Choice_H,2022.2.4,MacIntel,60.0024001,2,0.8484,B_Card,0,100,1000,0,27,27,27,1,-150,100,50,50
,,qef,wef,feadf,2023-05-05_18h33.44.556,IOWA_Gambling_4Choice_H,2022.2.4,MacIntel,60.0024001,1,0.6106,A_Card,0,100,1100,0,28,28,28,1,100,100,-75,-250
,,qef,wef,feadf,2023-05-05_18h33.44.556,IOWA_Gambling_4Choice_H,2022.2.4,MacIntel,60.0024001,3,1.2525,C_Card,1,-50,1050,0,29,29,29,1,100,100,-50,50
,,qef,wef,feadf,2023-05-05_18h33.44.556,IOWA_Gambling_4Choice_H,2022.2.4,MacIntel,60.0024001,4,0.506,D_Card,1,50,1100,0,30,30,30,1,-350,100,50,50
,,qef,wef,feadf,2023-05-05_18h33.44.556,IOWA_Gambling_4Choice_H,2022.2.4,MacIntel,60.0024001,3,0.102,C_Card,1,50,1150,0,31,31,31,1,-200,-1250,50,50
,,qef,wef,feadf,2023-05-05_18h33.44.556,IOWA_Gambling_4Choice_H,2022.2.4,MacIntel,60.0024001,2,0.5517,B_Card,0,100,1250,0,32,32,32,1,-250,100,50,50
,,qef,wef,feadf,2023-05-05_18h33.44.556,IOWA_Gambling_4Choice_H,2022.2.4,MacIntel,60.0024001,1,0.3929,A_Card,0,100,1350,0,33,33,33,1,100,100,-25,50
,,qef,wef,feadf,2023-05-05_18h33.44.556,IOWA_Gambling_4Choice_H,2022.2.4,MacIntel,60.0024001,2,0.4621,B_Card,0,100,1450,0,34,34,34,1,100,100,-25,-250
,,qef,wef,feadf,2023-05-05_18h33.44.556,IOWA_Gambling_4Choice_H,2022.2.4,MacIntel,60.0024001,2,0.4486,B_Card,0,100,1550,0,35,35,35,1,100,100,50,50
,,qef,wef,feadf,2023-05-05_18h33.44.556,IOWA_Gambling_4Choice_H,2022.2.4,MacIntel,60.0024001,2,0.4685,B_Card,0,100,1650,0,36,36,36,1,-150,100,-75,50
,,qef,wef,feadf,2023-05-05_18h33.44.556,IOWA_Gambling_4Choice_H,2022.2.4,MacIntel,60.0024001,2,0.4588,B_Card,0,100,1750,0,37,37,37,1,-300,100,50,50
,,qef,wef,feadf,2023-05-05_18h33.44.556,IOWA_Gambling_4Choice_H,2022.2.4,MacIntel,60.0024001,2,0.438,B_Card,0,100,1850,0,38,38,38,1,100,100,-50,50
,,qef,wef,feadf,2023-05-05_18h33.44.556,IOWA_Gambling_4Choice_H,2022.2.4,MacIntel,60.0024001,2,0.5885,B_Card,0,100,1950,0,39,39,39,1,100,100,-75,50
,,qef,wef,feadf,2023-05-05_18h33.44.556,IOWA_Gambling_4Choice_H,2022.2.4,MacIntel,60.0024001,,,,,,,,,,,,,,,
