﻿Instruct1_Resp.keys,Instruct1_Resp.rt,participant,age,sex,date,expName,psychopyVersion,OS,frameRate,ChoiceResp.keys,ChoiceResp.rt,Chosen_Card,GoodDeck?,GainsLosses,TotalinBank,ChoiceBlock.thisRepN,ChoiceBlock.thisTrialN,ChoiceBlock.thisN,ChoiceBlock.thisIndex,ChoiceBlock.ran,A_Outcome,B_Outcome,C_Outcome,D_Outcome
space,22.3511,Ro,28,male,2023-06-15_09h06.36.785,IOWA_Gambling_4Choice_H,2022.2.4,Win32,60.05645307,,,,,,,,,,,,,,,
,,Ro,28,male,2023-06-15_09h06.36.785,IOWA_Gambling_4Choice_H,2022.2.4,Win32,60.05645307,,,,,,,,,,,,,,,
,,Ro,28,male,2023-06-15_09h06.36.785,IOWA_Gambling_4Choice_H,2022.2.4,Win32,60.05645307,,,,,,,,,,,,,,,
,,Ro,28,male,2023-06-15_09h06.36.785,IOWA_Gambling_4Choice_H,2022.2.4,Win32,60.05645307,,,,,,,,,,,,,,,
,,Ro,28,male,2023-06-15_09h06.36.785,IOWA_Gambling_4Choice_H,2022.2.4,Win32,60.05645307,2,4.6588,B_Card,0,100,2100,0,0,0,0,1,100,100,50,50
,,Ro,28,male,2023-06-15_09h06.36.785,IOWA_Gambling_4Choice_H,2022.2.4,Win32,60.05645307,3,2.8623,C_Card,1,50,2150,0,1,1,1,1,100,100,50,50
,,Ro,28,male,2023-06-15_09h06.36.785,IOWA_Gambling_4Choice_H,2022.2.4,Win32,60.05645307,1,1.5152,A_Card,0,-150,2000,0,2,2,2,1,-150,100,-50,50
,,Ro,28,male,2023-06-15_09h06.36.785,IOWA_Gambling_4Choice_H,2022.2.4,Win32,60.05645307,4,1.1986,D_Card,1,50,2050,0,3,3,3,1,100,100,50,50
,,Ro,28,male,2023-06-15_09h06.36.785,IOWA_Gambling_4Choice_H,2022.2.4,Win32,60.05645307,3,2.056,C_Card,1,-50,2000,0,4,4,4,1,-300,100,-50,50
,,Ro,28,male,2023-06-15_09h06.36.785,IOWA_Gambling_4Choice_H,2022.2.4,Win32,60.05645307,4,1.0667,D_Card,1,50,2050,0,5,5,5,1,100,100,50,50
,,Ro,28,male,2023-06-15_09h06.36.785,IOWA_Gambling_4Choice_H,2022.2.4,Win32,60.05645307,4,1.007,D_Card,1,50,2100,0,6,6,6,1,-200,100,-50,50
,,Ro,28,male,2023-06-15_09h06.36.785,IOWA_Gambling_4Choice_H,2022.2.4,Win32,60.05645307,4,0.6344,D_Card,1,50,2150,0,7,7,7,1,100,100,50,50
,,Ro,28,male,2023-06-15_09h06.36.785,IOWA_Gambling_4Choice_H,2022.2.4,Win32,60.05645307,4,0.5715,D_Card,1,50,2200,0,8,8,8,1,-250,-1250,-50,50
,,Ro,28,male,2023-06-15_09h06.36.785,IOWA_Gambling_4Choice_H,2022.2.4,Win32,60.05645307,4,0.3894,D_Card,1,-250,1950,0,9,9,9,1,-350,100,-50,-250
,,Ro,28,male,2023-06-15_09h06.36.785,IOWA_Gambling_4Choice_H,2022.2.4,Win32,60.05645307,3,2.9839,C_Card,1,50,2000,0,10,10,10,1,100,100,50,50
,,Ro,28,male,2023-06-15_09h06.36.785,IOWA_Gambling_4Choice_H,2022.2.4,Win32,60.05645307,2,0.8479,B_Card,0,100,2100,0,11,11,11,1,-350,100,-25,50
,,Ro,28,male,2023-06-15_09h06.36.785,IOWA_Gambling_4Choice_H,2022.2.4,Win32,60.05645307,1,1.7606,A_Card,0,100,2200,0,12,12,12,1,100,100,-75,50
,,Ro,28,male,2023-06-15_09h06.36.785,IOWA_Gambling_4Choice_H,2022.2.4,Win32,60.05645307,4,0.5049,D_Card,1,50,2250,0,13,13,13,1,-250,-1250,50,50
,,Ro,28,male,2023-06-15_09h06.36.785,IOWA_Gambling_4Choice_H,2022.2.4,Win32,60.05645307,3,1.0027,C_Card,1,-25,2225,0,14,14,14,1,-200,100,-25,50
,,Ro,28,male,2023-06-15_09h06.36.785,IOWA_Gambling_4Choice_H,2022.2.4,Win32,60.05645307,4,0.7162,D_Card,1,50,2275,0,15,15,15,1,100,100,50,50
,,Ro,28,male,2023-06-15_09h06.36.785,IOWA_Gambling_4Choice_H,2022.2.4,Win32,60.05645307,4,1.5208,D_Card,1,50,2325,0,16,16,16,1,-300,100,-25,50
,,Ro,28,male,2023-06-15_09h06.36.785,IOWA_Gambling_4Choice_H,2022.2.4,Win32,60.05645307,4,2.1999,D_Card,1,50,2375,0,17,17,17,1,-150,100,-75,50
,,Ro,28,male,2023-06-15_09h06.36.785,IOWA_Gambling_4Choice_H,2022.2.4,Win32,60.05645307,2,0.3705,B_Card,0,100,2475,0,18,18,18,1,100,100,50,50
,,Ro,28,male,2023-06-15_09h06.36.785,IOWA_Gambling_4Choice_H,2022.2.4,Win32,60.05645307,4,1.3056,D_Card,1,-250,2225,0,19,19,19,1,100,100,-50,-250
,,Ro,28,male,2023-06-15_09h06.36.785,IOWA_Gambling_4Choice_H,2022.2.4,Win32,60.05645307,3,0.357,C_Card,1,50,2275,0,20,20,20,1,100,100,50,50
,,Ro,28,male,2023-06-15_09h06.36.785,IOWA_Gambling_4Choice_H,2022.2.4,Win32,60.05645307,3,0.2313,C_Card,1,50,2325,0,21,21,21,1,-300,100,50,50
,,Ro,28,male,2023-06-15_09h06.36.785,IOWA_Gambling_4Choice_H,2022.2.4,Win32,60.05645307,3,0.3828,C_Card,1,50,2375,0,22,22,22,1,100,100,50,50
,,Ro,28,male,2023-06-15_09h06.36.785,IOWA_Gambling_4Choice_H,2022.2.4,Win32,60.05645307,3,0.2662,C_Card,1,-50,2325,0,23,23,23,1,-350,100,-50,50
,,Ro,28,male,2023-06-15_09h06.36.785,IOWA_Gambling_4Choice_H,2022.2.4,Win32,60.05645307,3,0.0664,C_Card,1,-25,2300,0,24,24,24,1,100,100,-25,50
,,Ro,28,male,2023-06-15_09h06.36.785,IOWA_Gambling_4Choice_H,2022.2.4,Win32,60.05645307,3,0.2373,C_Card,1,-50,2250,0,25,25,25,1,-200,100,-50,50
,,Ro,28,male,2023-06-15_09h06.36.785,IOWA_Gambling_4Choice_H,2022.2.4,Win32,60.05645307,3,0.2207,C_Card,1,50,2300,0,26,26,26,1,-250,100,50,50
,,Ro,28,male,2023-06-15_09h06.36.785,IOWA_Gambling_4Choice_H,2022.2.4,Win32,60.05645307,3,0.217,C_Card,1,50,2350,0,27,27,27,1,-150,100,50,50
,,Ro,28,male,2023-06-15_09h06.36.785,IOWA_Gambling_4Choice_H,2022.2.4,Win32,60.05645307,1,0.0313,A_Card,0,100,2450,0,28,28,28,1,100,100,-75,-250
,,Ro,28,male,2023-06-15_09h06.36.785,IOWA_Gambling_4Choice_H,2022.2.4,Win32,60.05645307,1,0.3652,A_Card,0,100,2550,0,29,29,29,1,100,100,-50,50
,,Ro,28,male,2023-06-15_09h06.36.785,IOWA_Gambling_4Choice_H,2022.2.4,Win32,60.05645307,1,0.2505,A_Card,0,-350,2200,0,30,30,30,1,-350,100,50,50
,,Ro,28,male,2023-06-15_09h06.36.785,IOWA_Gambling_4Choice_H,2022.2.4,Win32,60.05645307,3,0.2747,C_Card,1,50,2250,0,31,31,31,1,-200,-1250,50,50
,,Ro,28,male,2023-06-15_09h06.36.785,IOWA_Gambling_4Choice_H,2022.2.4,Win32,60.05645307,3,0.3665,C_Card,1,50,2300,0,32,32,32,1,-250,100,50,50
,,Ro,28,male,2023-06-15_09h06.36.785,IOWA_Gambling_4Choice_H,2022.2.4,Win32,60.05645307,3,0.3183,C_Card,1,-25,2275,0,33,33,33,1,100,100,-25,50
,,Ro,28,male,2023-06-15_09h06.36.785,IOWA_Gambling_4Choice_H,2022.2.4,Win32,60.05645307,3,0.2331,C_Card,1,-25,2250,0,34,34,34,1,100,100,-25,-250
,,Ro,28,male,2023-06-15_09h06.36.785,IOWA_Gambling_4Choice_H,2022.2.4,Win32,60.05645307,3,0.2586,C_Card,1,50,2300,0,35,35,35,1,100,100,50,50
,,Ro,28,male,2023-06-15_09h06.36.785,IOWA_Gambling_4Choice_H,2022.2.4,Win32,60.05645307,3,0.2119,C_Card,1,-75,2225,0,36,36,36,1,-150,100,-75,50
,,Ro,28,male,2023-06-15_09h06.36.785,IOWA_Gambling_4Choice_H,2022.2.4,Win32,60.05645307,3,0.2394,C_Card,1,50,2275,0,37,37,37,1,-300,100,50,50
,,Ro,28,male,2023-06-15_09h06.36.785,IOWA_Gambling_4Choice_H,2022.2.4,Win32,60.05645307,2,0.4013,B_Card,0,100,2375,0,38,38,38,1,100,100,-50,50
,,Ro,28,male,2023-06-15_09h06.36.785,IOWA_Gambling_4Choice_H,2022.2.4,Win32,60.05645307,2,0.4519,B_Card,0,100,2475,0,39,39,39,1,100,100,-75,50
,,Ro,28,male,2023-06-15_09h06.36.785,IOWA_Gambling_4Choice_H,2022.2.4,Win32,60.05645307,,,,,,,,,,,,,,,
