﻿Instruct1_Resp.keys,Instruct1_Resp.rt,participant,age,sex,date,expName,psychopyVersion,OS,frameRate,ChoiceResp.keys,ChoiceResp.rt,Chosen_Card,GoodDeck?,GainsLosses,TotalinBank,ChoiceBlock.thisRepN,ChoiceBlock.thisTrialN,ChoiceBlock.thisN,ChoiceBlock.thisIndex,ChoiceBlock.ran,A_Outcome,B_Outcome,C_Outcome,D_Outcome
space,4.481,s,21,female,2023-05-05_22h59.28.247,IOWA_Gambling_4Choice_H,2022.2.4,MacIntel,58.82352941,,,,,,,,,,,,,,,
,,s,21,female,2023-05-05_22h59.28.247,IOWA_Gambling_4Choice_H,2022.2.4,MacIntel,58.82352941,,,,,,,,,,,,,,,
,,s,21,female,2023-05-05_22h59.28.247,IOWA_Gambling_4Choice_H,2022.2.4,MacIntel,58.82352941,,,,,,,,,,,,,,,
,,s,21,female,2023-05-05_22h59.28.247,IOWA_Gambling_4Choice_H,2022.2.4,MacIntel,58.82352941,,,,,,,,,,,,,,,
,,s,21,female,2023-05-05_22h59.28.247,IOWA_Gambling_4Choice_H,2022.2.4,MacIntel,58.82352941,1,6.323,A_Card,0,100,2100,0,0,0,0,1,100,100,50,50
,,s,21,female,2023-05-05_22h59.28.247,IOWA_Gambling_4Choice_H,2022.2.4,MacIntel,58.82352941,2,1.548,B_Card,0,100,2200,0,1,1,1,1,100,100,50,50
,,s,21,female,2023-05-05_22h59.28.247,IOWA_Gambling_4Choice_H,2022.2.4,MacIntel,58.82352941,3,0.499,C_Card,1,-50,2150,0,2,2,2,1,-150,100,-50,50
,,s,21,female,2023-05-05_22h59.28.247,IOWA_Gambling_4Choice_H,2022.2.4,MacIntel,58.82352941,4,0.506,D_Card,1,50,2200,0,3,3,3,1,100,100,50,50
,,s,21,female,2023-05-05_22h59.28.247,IOWA_Gambling_4Choice_H,2022.2.4,MacIntel,58.82352941,2,0.438,B_Card,0,100,2300,0,4,4,4,1,-300,100,-50,50
,,s,21,female,2023-05-05_22h59.28.247,IOWA_Gambling_4Choice_H,2022.2.4,MacIntel,58.82352941,2,0.503,B_Card,0,100,2400,0,5,5,5,1,100,100,50,50
,,s,21,female,2023-05-05_22h59.28.247,IOWA_Gambling_4Choice_H,2022.2.4,MacIntel,58.82352941,3,0.438,C_Card,1,-50,2350,0,6,6,6,1,-200,100,-50,50
,,s,21,female,2023-05-05_22h59.28.247,IOWA_Gambling_4Choice_H,2022.2.4,MacIntel,58.82352941,1,0.903,A_Card,0,100,2450,0,7,7,7,1,100,100,50,50
,,s,21,female,2023-05-05_22h59.28.247,IOWA_Gambling_4Choice_H,2022.2.4,MacIntel,58.82352941,1,0.965,A_Card,0,-250,2200,0,8,8,8,1,-250,-1250,-50,50
,,s,21,female,2023-05-05_22h59.28.247,IOWA_Gambling_4Choice_H,2022.2.4,MacIntel,58.82352941,4,0.433,D_Card,1,-250,1950,0,9,9,9,1,-350,100,-50,-250
,,s,21,female,2023-05-05_22h59.28.247,IOWA_Gambling_4Choice_H,2022.2.4,MacIntel,58.82352941,3,0.349,C_Card,1,50,2000,0,10,10,10,1,100,100,50,50
,,s,21,female,2023-05-05_22h59.28.247,IOWA_Gambling_4Choice_H,2022.2.4,MacIntel,58.82352941,2,0.371,B_Card,0,100,2100,0,11,11,11,1,-350,100,-25,50
,,s,21,female,2023-05-05_22h59.28.247,IOWA_Gambling_4Choice_H,2022.2.4,MacIntel,58.82352941,1,0.601,A_Card,0,100,2200,0,12,12,12,1,100,100,-75,50
,,s,21,female,2023-05-05_22h59.28.247,IOWA_Gambling_4Choice_H,2022.2.4,MacIntel,58.82352941,3,5.592,C_Card,1,50,2250,0,13,13,13,1,-250,-1250,50,50
,,s,21,female,2023-05-05_22h59.28.247,IOWA_Gambling_4Choice_H,2022.2.4,MacIntel,58.82352941,4,0.434,D_Card,1,50,2300,0,14,14,14,1,-200,100,-25,50
,,s,21,female,2023-05-05_22h59.28.247,IOWA_Gambling_4Choice_H,2022.2.4,MacIntel,58.82352941,2,0.383,B_Card,0,100,2400,0,15,15,15,1,100,100,50,50
,,s,21,female,2023-05-05_22h59.28.247,IOWA_Gambling_4Choice_H,2022.2.4,MacIntel,58.82352941,1,0.398,A_Card,0,-300,2100,0,16,16,16,1,-300,100,-25,50
,,s,21,female,2023-05-05_22h59.28.247,IOWA_Gambling_4Choice_H,2022.2.4,MacIntel,58.82352941,4,0.533,D_Card,1,50,2150,0,17,17,17,1,-150,100,-75,50
,,s,21,female,2023-05-05_22h59.28.247,IOWA_Gambling_4Choice_H,2022.2.4,MacIntel,58.82352941,3,0.268,C_Card,1,50,2200,0,18,18,18,1,100,100,50,50
,,s,21,female,2023-05-05_22h59.28.247,IOWA_Gambling_4Choice_H,2022.2.4,MacIntel,58.82352941,2,0.601,B_Card,0,100,2300,0,19,19,19,1,100,100,-50,-250
,,s,21,female,2023-05-05_22h59.28.247,IOWA_Gambling_4Choice_H,2022.2.4,MacIntel,58.82352941,1,0.622,A_Card,0,100,2400,0,20,20,20,1,100,100,50,50
,,s,21,female,2023-05-05_22h59.28.247,IOWA_Gambling_4Choice_H,2022.2.4,MacIntel,58.82352941,1,0.432,A_Card,0,-300,2100,0,21,21,21,1,-300,100,50,50
,,s,21,female,2023-05-05_22h59.28.247,IOWA_Gambling_4Choice_H,2022.2.4,MacIntel,58.82352941,3,0.133,C_Card,1,50,2150,0,22,22,22,1,100,100,50,50
,,s,21,female,2023-05-05_22h59.28.247,IOWA_Gambling_4Choice_H,2022.2.4,MacIntel,58.82352941,4,0.286,D_Card,1,50,2200,0,23,23,23,1,-350,100,-50,50
,,s,21,female,2023-05-05_22h59.28.247,IOWA_Gambling_4Choice_H,2022.2.4,MacIntel,58.82352941,2,0.271,B_Card,0,100,2300,0,24,24,24,1,100,100,-25,50
,,s,21,female,2023-05-05_22h59.28.247,IOWA_Gambling_4Choice_H,2022.2.4,MacIntel,58.82352941,3,0.416,C_Card,1,-50,2250,0,25,25,25,1,-200,100,-50,50
,,s,21,female,2023-05-05_22h59.28.247,IOWA_Gambling_4Choice_H,2022.2.4,MacIntel,58.82352941,1,0.184,A_Card,0,-250,2000,0,26,26,26,1,-250,100,50,50
,,s,21,female,2023-05-05_22h59.28.247,IOWA_Gambling_4Choice_H,2022.2.4,MacIntel,58.82352941,2,0.35,B_Card,0,100,2100,0,27,27,27,1,-150,100,50,50
,,s,21,female,2023-05-05_22h59.28.247,IOWA_Gambling_4Choice_H,2022.2.4,MacIntel,58.82352941,4,0.268,D_Card,1,-250,1850,0,28,28,28,1,100,100,-75,-250
,,s,21,female,2023-05-05_22h59.28.247,IOWA_Gambling_4Choice_H,2022.2.4,MacIntel,58.82352941,1,0.4,A_Card,0,100,1950,0,29,29,29,1,100,100,-50,50
,,s,21,female,2023-05-05_22h59.28.247,IOWA_Gambling_4Choice_H,2022.2.4,MacIntel,58.82352941,2,0.32,B_Card,0,100,2050,0,30,30,30,1,-350,100,50,50
,,s,21,female,2023-05-05_22h59.28.247,IOWA_Gambling_4Choice_H,2022.2.4,MacIntel,58.82352941,3,0.333,C_Card,1,50,2100,0,31,31,31,1,-200,-1250,50,50
,,s,21,female,2023-05-05_22h59.28.247,IOWA_Gambling_4Choice_H,2022.2.4,MacIntel,58.82352941,2,0.453,B_Card,0,100,2200,0,32,32,32,1,-250,100,50,50
,,s,21,female,2023-05-05_22h59.28.247,IOWA_Gambling_4Choice_H,2022.2.4,MacIntel,58.82352941,4,0.319,D_Card,1,50,2250,0,33,33,33,1,100,100,-25,50
,,s,21,female,2023-05-05_22h59.28.247,IOWA_Gambling_4Choice_H,2022.2.4,MacIntel,58.82352941,3,0.374,C_Card,1,-25,2225,0,34,34,34,1,100,100,-25,-250
,,s,21,female,2023-05-05_22h59.28.247,IOWA_Gambling_4Choice_H,2022.2.4,MacIntel,58.82352941,3,0.332,C_Card,1,50,2275,0,35,35,35,1,100,100,50,50
,,s,21,female,2023-05-05_22h59.28.247,IOWA_Gambling_4Choice_H,2022.2.4,MacIntel,58.82352941,2,0.399,B_Card,0,100,2375,0,36,36,36,1,-150,100,-75,50
,,s,21,female,2023-05-05_22h59.28.247,IOWA_Gambling_4Choice_H,2022.2.4,MacIntel,58.82352941,1,0.35,A_Card,0,-300,2075,0,37,37,37,1,-300,100,50,50
,,s,21,female,2023-05-05_22h59.28.247,IOWA_Gambling_4Choice_H,2022.2.4,MacIntel,58.82352941,2,0.75,B_Card,0,100,2175,0,38,38,38,1,100,100,-50,50
,,s,21,female,2023-05-05_22h59.28.247,IOWA_Gambling_4Choice_H,2022.2.4,MacIntel,58.82352941,2,0.286,B_Card,0,100,2275,0,39,39,39,1,100,100,-75,50
,,s,21,female,2023-05-05_22h59.28.247,IOWA_Gambling_4Choice_H,2022.2.4,MacIntel,58.82352941,,,,,,,,,,,,,,,
