﻿Instruct1_Resp.keys,Instruct1_Resp.rt,participant,age,sex,date,expName,psychopyVersion,OS,frameRate,ChoiceResp.keys,ChoiceResp.rt,Chosen_Card,GoodDeck?,GainsLosses,TotalinBank,ChoiceBlock.thisRepN,ChoiceBlock.thisTrialN,ChoiceBlock.thisN,ChoiceBlock.thisIndex,ChoiceBlock.ran,A_Outcome,B_Outcome,C_Outcome,D_Outcome
space,100.0963,sw,33,Male,2023-06-08_09h31.08.455,IOWA_Gambling_4Choice_H,2022.2.4,Win32,60.08532116,,,,,,,,,,,,,,,
,,sw,33,Male,2023-06-08_09h31.08.455,IOWA_Gambling_4Choice_H,2022.2.4,Win32,60.08532116,,,,,,,,,,,,,,,
,,sw,33,Male,2023-06-08_09h31.08.455,IOWA_Gambling_4Choice_H,2022.2.4,Win32,60.08532116,,,,,,,,,,,,,,,
,,sw,33,Male,2023-06-08_09h31.08.455,IOWA_Gambling_4Choice_H,2022.2.4,Win32,60.08532116,,,,,,,,,,,,,,,
,,sw,33,Male,2023-06-08_09h31.08.455,IOWA_Gambling_4Choice_H,2022.2.4,Win32,60.08532116,1,8.0804,A_Card,0,100,2100,0,0,0,0,1,100,100,50,50
,,sw,33,Male,2023-06-08_09h31.08.455,IOWA_Gambling_4Choice_H,2022.2.4,Win32,60.08532116,1,6.381,A_Card,0,100,2200,0,1,1,1,1,100,100,50,50
,,sw,33,Male,2023-06-08_09h31.08.455,IOWA_Gambling_4Choice_H,2022.2.4,Win32,60.08532116,1,2.1136,A_Card,0,-150,2050,0,2,2,2,1,-150,100,-50,50
,,sw,33,Male,2023-06-08_09h31.08.455,IOWA_Gambling_4Choice_H,2022.2.4,Win32,60.08532116,2,1.6343,B_Card,0,100,2150,0,3,3,3,1,100,100,50,50
,,sw,33,Male,2023-06-08_09h31.08.455,IOWA_Gambling_4Choice_H,2022.2.4,Win32,60.08532116,2,1.2801,B_Card,0,100,2250,0,4,4,4,1,-300,100,-50,50
,,sw,33,Male,2023-06-08_09h31.08.455,IOWA_Gambling_4Choice_H,2022.2.4,Win32,60.08532116,3,2.1503,C_Card,1,50,2300,0,5,5,5,1,100,100,50,50
,,sw,33,Male,2023-06-08_09h31.08.455,IOWA_Gambling_4Choice_H,2022.2.4,Win32,60.08532116,4,1.185,D_Card,1,50,2350,0,6,6,6,1,-200,100,-50,50
,,sw,33,Male,2023-06-08_09h31.08.455,IOWA_Gambling_4Choice_H,2022.2.4,Win32,60.08532116,3,1.7663,C_Card,1,50,2400,0,7,7,7,1,100,100,50,50
,,sw,33,Male,2023-06-08_09h31.08.455,IOWA_Gambling_4Choice_H,2022.2.4,Win32,60.08532116,2,0.8385,B_Card,0,-1250,1150,0,8,8,8,1,-250,-1250,-50,50
,,sw,33,Male,2023-06-08_09h31.08.455,IOWA_Gambling_4Choice_H,2022.2.4,Win32,60.08532116,4,1.1073,D_Card,1,-250,900,0,9,9,9,1,-350,100,-50,-250
,,sw,33,Male,2023-06-08_09h31.08.455,IOWA_Gambling_4Choice_H,2022.2.4,Win32,60.08532116,3,0.6947,C_Card,1,50,950,0,10,10,10,1,100,100,50,50
,,sw,33,Male,2023-06-08_09h31.08.455,IOWA_Gambling_4Choice_H,2022.2.4,Win32,60.08532116,1,1.0482,A_Card,0,-350,600,0,11,11,11,1,-350,100,-25,50
,,sw,33,Male,2023-06-08_09h31.08.455,IOWA_Gambling_4Choice_H,2022.2.4,Win32,60.08532116,1,0.8414,A_Card,0,100,700,0,12,12,12,1,100,100,-75,50
,,sw,33,Male,2023-06-08_09h31.08.455,IOWA_Gambling_4Choice_H,2022.2.4,Win32,60.08532116,1,0.3243,A_Card,0,-250,450,0,13,13,13,1,-250,-1250,50,50
,,sw,33,Male,2023-06-08_09h31.08.455,IOWA_Gambling_4Choice_H,2022.2.4,Win32,60.08532116,1,0.4825,A_Card,0,-200,250,0,14,14,14,1,-200,100,-25,50
,,sw,33,Male,2023-06-08_09h31.08.455,IOWA_Gambling_4Choice_H,2022.2.4,Win32,60.08532116,2,0.6467,B_Card,0,100,350,0,15,15,15,1,100,100,50,50
,,sw,33,Male,2023-06-08_09h31.08.455,IOWA_Gambling_4Choice_H,2022.2.4,Win32,60.08532116,2,0.3687,B_Card,0,100,450,0,16,16,16,1,-300,100,-25,50
,,sw,33,Male,2023-06-08_09h31.08.455,IOWA_Gambling_4Choice_H,2022.2.4,Win32,60.08532116,2,0.3658,B_Card,0,100,550,0,17,17,17,1,-150,100,-75,50
,,sw,33,Male,2023-06-08_09h31.08.455,IOWA_Gambling_4Choice_H,2022.2.4,Win32,60.08532116,2,0.3484,B_Card,0,100,650,0,18,18,18,1,100,100,50,50
,,sw,33,Male,2023-06-08_09h31.08.455,IOWA_Gambling_4Choice_H,2022.2.4,Win32,60.08532116,2,0.341,B_Card,0,100,750,0,19,19,19,1,100,100,-50,-250
,,sw,33,Male,2023-06-08_09h31.08.455,IOWA_Gambling_4Choice_H,2022.2.4,Win32,60.08532116,2,0.3919,B_Card,0,100,850,0,20,20,20,1,100,100,50,50
,,sw,33,Male,2023-06-08_09h31.08.455,IOWA_Gambling_4Choice_H,2022.2.4,Win32,60.08532116,2,0.3817,B_Card,0,100,950,0,21,21,21,1,-300,100,50,50
,,sw,33,Male,2023-06-08_09h31.08.455,IOWA_Gambling_4Choice_H,2022.2.4,Win32,60.08532116,2,0.3271,B_Card,0,100,1050,0,22,22,22,1,100,100,50,50
,,sw,33,Male,2023-06-08_09h31.08.455,IOWA_Gambling_4Choice_H,2022.2.4,Win32,60.08532116,1,0.3617,A_Card,0,-350,700,0,23,23,23,1,-350,100,-50,50
,,sw,33,Male,2023-06-08_09h31.08.455,IOWA_Gambling_4Choice_H,2022.2.4,Win32,60.08532116,1,0.3274,A_Card,0,100,800,0,24,24,24,1,100,100,-25,50
,,sw,33,Male,2023-06-08_09h31.08.455,IOWA_Gambling_4Choice_H,2022.2.4,Win32,60.08532116,1,0.2925,A_Card,0,-200,600,0,25,25,25,1,-200,100,-50,50
,,sw,33,Male,2023-06-08_09h31.08.455,IOWA_Gambling_4Choice_H,2022.2.4,Win32,60.08532116,1,0.3341,A_Card,0,-250,350,0,26,26,26,1,-250,100,50,50
,,sw,33,Male,2023-06-08_09h31.08.455,IOWA_Gambling_4Choice_H,2022.2.4,Win32,60.08532116,1,0.6488,A_Card,0,-150,200,0,27,27,27,1,-150,100,50,50
,,sw,33,Male,2023-06-08_09h31.08.455,IOWA_Gambling_4Choice_H,2022.2.4,Win32,60.08532116,2,0.3406,B_Card,0,100,300,0,28,28,28,1,100,100,-75,-250
,,sw,33,Male,2023-06-08_09h31.08.455,IOWA_Gambling_4Choice_H,2022.2.4,Win32,60.08532116,2,0.4422,B_Card,0,100,400,0,29,29,29,1,100,100,-50,50
,,sw,33,Male,2023-06-08_09h31.08.455,IOWA_Gambling_4Choice_H,2022.2.4,Win32,60.08532116,2,0.3411,B_Card,0,100,500,0,30,30,30,1,-350,100,50,50
,,sw,33,Male,2023-06-08_09h31.08.455,IOWA_Gambling_4Choice_H,2022.2.4,Win32,60.08532116,2,0.4323,B_Card,0,-1250,-750,0,31,31,31,1,-200,-1250,50,50
,,sw,33,Male,2023-06-08_09h31.08.455,IOWA_Gambling_4Choice_H,2022.2.4,Win32,60.08532116,2,0.3474,B_Card,0,100,-650,0,32,32,32,1,-250,100,50,50
,,sw,33,Male,2023-06-08_09h31.08.455,IOWA_Gambling_4Choice_H,2022.2.4,Win32,60.08532116,2,0.6596,B_Card,0,100,-550,0,33,33,33,1,100,100,-25,50
,,sw,33,Male,2023-06-08_09h31.08.455,IOWA_Gambling_4Choice_H,2022.2.4,Win32,60.08532116,2,0.4062,B_Card,0,100,-450,0,34,34,34,1,100,100,-25,-250
,,sw,33,Male,2023-06-08_09h31.08.455,IOWA_Gambling_4Choice_H,2022.2.4,Win32,60.08532116,2,0.3496,B_Card,0,100,-350,0,35,35,35,1,100,100,50,50
,,sw,33,Male,2023-06-08_09h31.08.455,IOWA_Gambling_4Choice_H,2022.2.4,Win32,60.08532116,2,0.7904,B_Card,0,100,-250,0,36,36,36,1,-150,100,-75,50
,,sw,33,Male,2023-06-08_09h31.08.455,IOWA_Gambling_4Choice_H,2022.2.4,Win32,60.08532116,3,0.5718,C_Card,1,50,-200,0,37,37,37,1,-300,100,50,50
,,sw,33,Male,2023-06-08_09h31.08.455,IOWA_Gambling_4Choice_H,2022.2.4,Win32,60.08532116,3,0.6275,C_Card,1,-50,-250,0,38,38,38,1,100,100,-50,50
,,sw,33,Male,2023-06-08_09h31.08.455,IOWA_Gambling_4Choice_H,2022.2.4,Win32,60.08532116,3,0.1343,C_Card,1,-75,-325,0,39,39,39,1,100,100,-75,50
,,sw,33,Male,2023-06-08_09h31.08.455,IOWA_Gambling_4Choice_H,2022.2.4,Win32,60.08532116,,,,,,,,,,,,,,,
