﻿Instruct1_Resp.keys,Instruct1_Resp.rt,participant,age,sex,date,expName,psychopyVersion,OS,frameRate,ChoiceResp.keys,ChoiceResp.rt,Chosen_Card,GoodDeck?,GainsLosses,TotalinBank,ChoiceBlock.thisRepN,ChoiceBlock.thisTrialN,ChoiceBlock.thisN,ChoiceBlock.thisIndex,ChoiceBlock.ran,A_Outcome,B_Outcome,C_Outcome,D_Outcome
space,22.97,Viuo,23,Man,2023-08-12_12h44.22.919,IOWA_Gambling_4Choice_H,2022.2.4,Win32,59.97361161,,,,,,,,,,,,,,,
,,Viuo,23,Man,2023-08-12_12h44.22.919,IOWA_Gambling_4Choice_H,2022.2.4,Win32,59.97361161,,,,,,,,,,,,,,,
,,Viuo,23,Man,2023-08-12_12h44.22.919,IOWA_Gambling_4Choice_H,2022.2.4,Win32,59.97361161,,,,,,,,,,,,,,,
,,Viuo,23,Man,2023-08-12_12h44.22.919,IOWA_Gambling_4Choice_H,2022.2.4,Win32,59.97361161,,,,,,,,,,,,,,,
,,Viuo,23,Man,2023-08-12_12h44.22.919,IOWA_Gambling_4Choice_H,2022.2.4,Win32,59.97361161,4,1.2579,D_Card,1,50,2050,0,0,0,0,1,100,100,50,50
,,Viuo,23,Man,2023-08-12_12h44.22.919,IOWA_Gambling_4Choice_H,2022.2.4,Win32,59.97361161,3,0.6002,C_Card,1,50,2100,0,1,1,1,1,100,100,50,50
,,Viuo,23,Man,2023-08-12_12h44.22.919,IOWA_Gambling_4Choice_H,2022.2.4,Win32,59.97361161,4,0.5527,D_Card,1,50,2150,0,2,2,2,1,-150,100,-50,50
,,Viuo,23,Man,2023-08-12_12h44.22.919,IOWA_Gambling_4Choice_H,2022.2.4,Win32,59.97361161,3,0.4416,C_Card,1,50,2200,0,3,3,3,1,100,100,50,50
,,Viuo,23,Man,2023-08-12_12h44.22.919,IOWA_Gambling_4Choice_H,2022.2.4,Win32,59.97361161,3,0.2838,C_Card,1,-50,2150,0,4,4,4,1,-300,100,-50,50
,,Viuo,23,Man,2023-08-12_12h44.22.919,IOWA_Gambling_4Choice_H,2022.2.4,Win32,59.97361161,3,0.4267,C_Card,1,50,2200,0,5,5,5,1,100,100,50,50
,,Viuo,23,Man,2023-08-12_12h44.22.919,IOWA_Gambling_4Choice_H,2022.2.4,Win32,59.97361161,4,0.4034,D_Card,1,50,2250,0,6,6,6,1,-200,100,-50,50
,,Viuo,23,Man,2023-08-12_12h44.22.919,IOWA_Gambling_4Choice_H,2022.2.4,Win32,59.97361161,3,0.3838,C_Card,1,50,2300,0,7,7,7,1,100,100,50,50
,,Viuo,23,Man,2023-08-12_12h44.22.919,IOWA_Gambling_4Choice_H,2022.2.4,Win32,59.97361161,4,0.4171,D_Card,1,50,2350,0,8,8,8,1,-250,-1250,-50,50
,,Viuo,23,Man,2023-08-12_12h44.22.919,IOWA_Gambling_4Choice_H,2022.2.4,Win32,59.97361161,3,0.32,C_Card,1,-50,2300,0,9,9,9,1,-350,100,-50,-250
,,Viuo,23,Man,2023-08-12_12h44.22.919,IOWA_Gambling_4Choice_H,2022.2.4,Win32,59.97361161,3,0.288,C_Card,1,50,2350,0,10,10,10,1,100,100,50,50
,,Viuo,23,Man,2023-08-12_12h44.22.919,IOWA_Gambling_4Choice_H,2022.2.4,Win32,59.97361161,4,0.0921,D_Card,1,50,2400,0,11,11,11,1,-350,100,-25,50
,,Viuo,23,Man,2023-08-12_12h44.22.919,IOWA_Gambling_4Choice_H,2022.2.4,Win32,59.97361161,4,0.1007,D_Card,1,50,2450,0,12,12,12,1,100,100,-75,50
,,Viuo,23,Man,2023-08-12_12h44.22.919,IOWA_Gambling_4Choice_H,2022.2.4,Win32,59.97361161,3,0.3506,C_Card,1,50,2500,0,13,13,13,1,-250,-1250,50,50
,,Viuo,23,Man,2023-08-12_12h44.22.919,IOWA_Gambling_4Choice_H,2022.2.4,Win32,59.97361161,3,0.3347,C_Card,1,-25,2475,0,14,14,14,1,-200,100,-25,50
,,Viuo,23,Man,2023-08-12_12h44.22.919,IOWA_Gambling_4Choice_H,2022.2.4,Win32,59.97361161,3,0.31,C_Card,1,50,2525,0,15,15,15,1,100,100,50,50
,,Viuo,23,Man,2023-08-12_12h44.22.919,IOWA_Gambling_4Choice_H,2022.2.4,Win32,59.97361161,4,0.3052,D_Card,1,50,2575,0,16,16,16,1,-300,100,-25,50
,,Viuo,23,Man,2023-08-12_12h44.22.919,IOWA_Gambling_4Choice_H,2022.2.4,Win32,59.97361161,4,1.2701,D_Card,1,50,2625,0,17,17,17,1,-150,100,-75,50
,,Viuo,23,Man,2023-08-12_12h44.22.919,IOWA_Gambling_4Choice_H,2022.2.4,Win32,59.97361161,3,0.5206,C_Card,1,50,2675,0,18,18,18,1,100,100,50,50
,,Viuo,23,Man,2023-08-12_12h44.22.919,IOWA_Gambling_4Choice_H,2022.2.4,Win32,59.97361161,4,0.6426,D_Card,1,-250,2425,0,19,19,19,1,100,100,-50,-250
,,Viuo,23,Man,2023-08-12_12h44.22.919,IOWA_Gambling_4Choice_H,2022.2.4,Win32,59.97361161,3,0.4665,C_Card,1,50,2475,0,20,20,20,1,100,100,50,50
,,Viuo,23,Man,2023-08-12_12h44.22.919,IOWA_Gambling_4Choice_H,2022.2.4,Win32,59.97361161,3,0.3839,C_Card,1,50,2525,0,21,21,21,1,-300,100,50,50
,,Viuo,23,Man,2023-08-12_12h44.22.919,IOWA_Gambling_4Choice_H,2022.2.4,Win32,59.97361161,3,0.4599,C_Card,1,50,2575,0,22,22,22,1,100,100,50,50
,,Viuo,23,Man,2023-08-12_12h44.22.919,IOWA_Gambling_4Choice_H,2022.2.4,Win32,59.97361161,3,0.3286,C_Card,1,-50,2525,0,23,23,23,1,-350,100,-50,50
,,Viuo,23,Man,2023-08-12_12h44.22.919,IOWA_Gambling_4Choice_H,2022.2.4,Win32,59.97361161,4,0.3505,D_Card,1,50,2575,0,24,24,24,1,100,100,-25,50
,,Viuo,23,Man,2023-08-12_12h44.22.919,IOWA_Gambling_4Choice_H,2022.2.4,Win32,59.97361161,4,0.3726,D_Card,1,50,2625,0,25,25,25,1,-200,100,-50,50
,,Viuo,23,Man,2023-08-12_12h44.22.919,IOWA_Gambling_4Choice_H,2022.2.4,Win32,59.97361161,3,0.3998,C_Card,1,50,2675,0,26,26,26,1,-250,100,50,50
,,Viuo,23,Man,2023-08-12_12h44.22.919,IOWA_Gambling_4Choice_H,2022.2.4,Win32,59.97361161,3,0.5392,C_Card,1,50,2725,0,27,27,27,1,-150,100,50,50
,,Viuo,23,Man,2023-08-12_12h44.22.919,IOWA_Gambling_4Choice_H,2022.2.4,Win32,59.97361161,4,0.4673,D_Card,1,-250,2475,0,28,28,28,1,100,100,-75,-250
,,Viuo,23,Man,2023-08-12_12h44.22.919,IOWA_Gambling_4Choice_H,2022.2.4,Win32,59.97361161,3,0.3219,C_Card,1,-50,2425,0,29,29,29,1,100,100,-50,50
,,Viuo,23,Man,2023-08-12_12h44.22.919,IOWA_Gambling_4Choice_H,2022.2.4,Win32,59.97361161,1,0.7007,A_Card,0,-350,2075,0,30,30,30,1,-350,100,50,50
,,Viuo,23,Man,2023-08-12_12h44.22.919,IOWA_Gambling_4Choice_H,2022.2.4,Win32,59.97361161,4,0.5673,D_Card,1,50,2125,0,31,31,31,1,-200,-1250,50,50
,,Viuo,23,Man,2023-08-12_12h44.22.919,IOWA_Gambling_4Choice_H,2022.2.4,Win32,59.97361161,3,0.2999,C_Card,1,50,2175,0,32,32,32,1,-250,100,50,50
,,Viuo,23,Man,2023-08-12_12h44.22.919,IOWA_Gambling_4Choice_H,2022.2.4,Win32,59.97361161,3,0.4592,C_Card,1,-25,2150,0,33,33,33,1,100,100,-25,50
,,Viuo,23,Man,2023-08-12_12h44.22.919,IOWA_Gambling_4Choice_H,2022.2.4,Win32,59.97361161,4,5.8839,D_Card,1,-250,1900,0,34,34,34,1,100,100,-25,-250
,,Viuo,23,Man,2023-08-12_12h44.22.919,IOWA_Gambling_4Choice_H,2022.2.4,Win32,59.97361161,3,0.8758,C_Card,1,50,1950,0,35,35,35,1,100,100,50,50
,,Viuo,23,Man,2023-08-12_12h44.22.919,IOWA_Gambling_4Choice_H,2022.2.4,Win32,59.97361161,3,0.2725,C_Card,1,-75,1875,0,36,36,36,1,-150,100,-75,50
,,Viuo,23,Man,2023-08-12_12h44.22.919,IOWA_Gambling_4Choice_H,2022.2.4,Win32,59.97361161,4,0.3004,D_Card,1,50,1925,0,37,37,37,1,-300,100,50,50
,,Viuo,23,Man,2023-08-12_12h44.22.919,IOWA_Gambling_4Choice_H,2022.2.4,Win32,59.97361161,4,0.3438,D_Card,1,50,1975,0,38,38,38,1,100,100,-50,50
,,Viuo,23,Man,2023-08-12_12h44.22.919,IOWA_Gambling_4Choice_H,2022.2.4,Win32,59.97361161,4,0.3531,D_Card,1,50,2025,0,39,39,39,1,100,100,-75,50
,,Viuo,23,Man,2023-08-12_12h44.22.919,IOWA_Gambling_4Choice_H,2022.2.4,Win32,59.97361161,,,,,,,,,,,,,,,
